N	3gram	Voloshinov	Hudozhes
