и в	45
в романе	32
то есть	30
греческого романа	26
в нем	24
в этом	24
в греческом	24
частной жизни	23
греческом романе	22
человека в	17
авантюрного времени	17
и его	16
в литературе	16
авантюрное время	15
как раз	13
как мы	13
прежде всего	13
в его	12
вовсе не	11
образа человека	11
и не	11
по существу	11
может быть	11
и как	10
человека и	10
так и	10
времени и	10
мы уже	10
греческий роман	9
с его	9
то же	9
таким образом	9
роль в	9
мотив встречи	9
в том	9
в других	9
ничего не	9
все эти	9
временной ряд	8
в самом	8
жизни и	8
античного романа	8
жизненного пути	8
не только	8
и др	8
в особенности	8
у апулея	8
ни в	8
приватной жизни	8
того же	8
но в	8
но и	8
жизненный путь	8
и т	7
характер и	7
т п	7
и на	7
и их	7
как и	7
же время	7
в конце	7
жизни в	7
времени в	7
и во	7
в условиях	7
в то	7
так сказать	7
для себя	6
метаморфозы в	6
то что	6
греческих романов	6
не может	6
во всех	6
бытовое время	6
в частности	6
его жизни	6
героя и	6
человеческой жизни	6
в жизни	6
не было	6
в дальнейшем	6
у него	6
на античной	6
идеи метаморфозы	6
время в	6
и того	6
вдруг и	6
так как	6
между двумя	6
с ее	6
например в	6
в их	6
в ее	6
в результате	6
все же	6
лишь в	6
не оставляет	6
связи с	5
последующей истории	5
но все	5
он не	5
и героини	5
это время	5
люция в	5
превращения в	5
в основном	5
и у	5
с самим	5
до нас	5
истории романа	5
романа в	5
в пределах	5
хронотопа в	5
в авантюрном	5
образ человека	5
как в	5
приватная жизнь	5
время как	5
что в	5
только и	5
античной почве	5
отношению к	5
двумя моментами	5
образе человека	5
не в	5
и речи	5
так же	5
авантюрном времени	5
этот ряд	5
этот процесс	5
этих романов	5
второго типа	5
в разных	5
если бы	5
в образе	5
в пространстве	5
власть случая	5
и все	5
но не	5
конце романа	5
этого типа	5
того чтобы	5
одного и	5
биографического времени	5
для того	5
всех этих	5
с этим	5
хронотоп в	5
жизни но	5
первая встреча	4
или как	4
исторического времени	4
жизни героев	4
и подслушивания	4
чужого мира	4
осла в	4
в последующей	4
этого мира	4
авантюрно-бытового романа	4
европейского романа	4
конечно и	4
кроме того	4
в той	4
вполне понятно	4
это не	4
человеческого тождества	4
понятно что	4
в ней	4
раз в	4
чужой мир	4
точки зрения	4
было и	4
жизнь и	4
здесь не	4
потому что	4
золотого осла	4
других жанрах	4
и пространства	4
еще не	4
пространства и	4
характерно что	4
все это	4
наряду с	4
публичный человек	4
роман в	4
в последующем	4
чтобы они	4
отнюдь не	4
и следовательно	4
сны и	4
не имеет	4
в связи	4
в присутствии	4
том что	4
бытовой жизни	4
не могло	4
в котором	4
себе самому	4
первый тип	4
и это	4
в хронотопе	4
в роман	4
географического романа	4
античной литературы	4
этом времени	4
и с	4
греческого авантюрного	4
и другие	4
до конца	4
этого романа	4
здесь на	4
в процессе	4
между собой	4
в своем	4
судьбы и	4
к себе	4
романа но	4
романе и	4
были разработаны	4
могут быть	4
конечно не	4
том числе	4
существенных связей	4
и до	4
в основе	4
никаких существенных	4
могло быть	4
идеи испытания	4
и проч	4
временного ряда	4
в осла	4
то время	4
нет ничего	4
значение в	4
с одной	3
здесь дается	3
чужой жизни	3
в них	3
мы не	3
проходит через	3
вместе с	3
отдельных авантюр	3
бытового времени	3
человек в	3
именно как	3
в быту	3
поэтому здесь	3
сказать что	3
мы еще	3
был бы	3
и для	3
они не	3
этим определяются	3
уже говорили	3
оказались бы	3
и видения	3
и парвеню	3
левкиппа и	3
все ее	3
но они	3
в одно	3
совершенно иной	3
раньше или	3
что не	3
все его	3
романа как	3
эта черта	3
к тому	3
и приключений	3
амуре и	3
в авантюрное	3
и т.п	3
в себе	3
как человек	3
мира в	3
подхода к	3
романных хронотопов	3
одно из	3
целомудрия и	3
место для	3
с бытовым	3
во всей	3
встречи в	3
романа и	3
вальтера скотта	3
хотя и	3
одной из	3
мотива встречи	3
наказание и	3
времени оно	3
романа прежде	3
в виду	3
время и	3
для греческого	3
в форме	3
да и	3
искусстве и	3
весь вовне	3
характер это	3
случайной одновременностью	3
одновременностью и	3
с тем	3
вовне в	3
самом человеке	3
и те	3
в xvii	3
проходят через	3
в качестве	3
же в	3
концу романа	3
чем не	3
бытовую сферу	3
дороги и	3
всеми его	3
этого ряда	3
и времени	3
ряд в	3
этом отношении	3
в таком	3
и то	3
и литературе	3
по отношению	3
внутренне не	3
одно и	3
оболочке метаморфозы	3
реальный хронотоп	3
и дает	3
о допустимости	3
что и	3
единство человека	3
место и	3
в золотом	3
человек здесь	3
у гесиода	3
временных рядов	3
в начале	3
основных переломных	3
как наказание	3
нем не	3
уголовный процесс	3
мы и	3
значение и	3
один из	3
на фоне	3
но на	3
или в	3
с нашей	3
вина возмездие	3
приватного человека	3
самого человека	3
на площади	3
имеет существенное	3
греческого типа	3
поэтому и	3
а как	3
мир греческого	3
романа то	3
всем этим	3
романа мы	3
авантюрного романа	3
моментами реального	3
формы и	3
вследствие этого	3
и разновидности	3
частную жизнь	3
время здесь	3
быть только	3
героев и	3
еще более	3
золотом осле	3
искупление блаженство	3
в классическом	3
здесь нет	3
с мотивом	3
одновременность и	3
жизни поэтому	3
в этих	3
вневременное зияние	3
ни к	3
в какой-то	3
имеет место	3
большую роль	3
входит в	3
романе как	3
зияние между	3
со своей	3
не имеют	3
что было	3
пространства в	3
об амуре	3
не могут	3
вообще не	3
реального исторического	3
именно в	3
и образ	3
во всяком	3
романе не	3
с другими	3
между этими	3
слепой судьбы	3
разработаны в	3
жизни не	3
нет здесь	3
и внутреннее	3
нас в	3
и психее	3
сплошная овнешненность	3
назовем условно	3
а не	3
к концу	3
в частной	3
изолированный человек	3
и потому	3
более того	3
авантюриста и	3
и уже	3
в движение	3
друг друга	3
а в	3
мы говорили	3
по преимуществу	3
же человека	3
между ними	3
но эта	3
в одном	3
тип античного	3
человек был	3
организационное значение	3
ряд метаморфозы	3
в эллинистической	3
это авантюрное	3
разновидности романа	3
исторических романах	3
со всеми	3
нашей точки	3
связаны с	3
всего того	3
публичного человека	3
через бытовую	3
положение авантюриста	3
в сущности	3
родного мира	3
этими двумя	3
уже указывали	3
и верности	3
иногда очень	3
самим собою	3
эти моменты	3
новелле об	3
развитие идеи	3
временные отрезки	3
мы видим	3
судебно-уголовные категории	2
вещие сны	2
образе осла	2
ясно что	2
хронотопа дороги	2
на материале	2
в некоторых	2
если мы	2
выражение в	2
связь мотива	2
под углом	2
в каком	2
публичного прославления	2
тождество в	2
плутовского романа	2
циклический ряд	2
и раритетов	2
можно прямо	2
соответствии с	2
время не	2
время инициатива	2
в стороне	2
в помине	2
с особенностями	2
с их	2
своему отношению	2
числе и	2
хлоя лонга	2
свои страдания	2
в данной	2
дает место	2
и особенностями	2
всего авантюрного	2
разновременностей авантюрное	2
всего этого	2
природной и	2
слуга это	2
оторванной от	2
с большей	2
в биографический	2
фигура слуги	2
мы будем	2
тогда когда	2
существенную роль	2
этом мире	2
нового образа	2
оставляет следов	2
совершенно не	2
тех же	2
лишь один	2
и предчувствия	2
имеется и	2
в чем	2
авантюрный ряд	2
существенного значения	2
идиллический хронотоп	2
все другие	2
тождество с	2
губительной случайности	2
времени все	2
развития идеи	2
этот образ	2
этого момента	2
сохраняется и	2
что все	2
и прежде	2
брачном возрасте	2
по сравнению	2
в самой	2
романе барокко	2
романа к	2
для него	2
были в	2
ч i	2
же сохраняется	2
античная биография	2
превратностей судьбы	2
есть не	2
время греческого	2
следы исторического	2
мнимые смерти	2
всех последующих	2
принадлежит к	2
здесь все	2
мы находим	2
время обладает	2
античная литература	2
для нас	2
специфический характер	2
родная страна	2
подходом к	2
в римско-эллинистическую	2
во всякой	2
традицией и	2
биографической жизни	2
и соединенных	2
последнее звено	2
герою и	2
место в	2
не причастны	2
к нашим	2
биографических форм	2
встреча внезапная	2
низкую роль	2
автобиографического подхода	2
прерывается и	2
там где	2
не встретились	2
романа во	2
отношение к	2
как испытания	2
о своей	2
публично-риторические формы	2
реального хронотопа	2
места в	2
сами герои	2
параллельном сюжете	2
не причастен	2
при этом	2
совершенно безразлично	2
даже не	2
отличие от	2
на развитие	2
своего родного	2
фольклора в	2
роман испытания	2
богиня изида	2
не входит	2
моменты романа	2
третий в	2
она же	2
ее по	2
в мифологической	2
эпоса в	2
же типу	2
чуждость чужого	2
обычного знакомого	2
их к	2
не обязательно	2
самосознание человека	2
греческой площади	2
а также	2
пределах отдельных	2
античных жанров	2
судьба но	2
если они	2
влияние на	2
и разновременности	2
романе мы	2
природы и	2
своей собственной	2
никогда не	2
этом классическом	2
и незримые	2
как он	2
вес в	2
не входят	2
в широком	2
как бы	2
преисподняя могила	2
в другую	2
хотя бы	2
том же	2
инициатива в	2
человека мы	2
автора и	2
доклассового фольклора	2
иной характер	2
разработаны античным	2
становления в	2
от публичного	2
но она	2
случая в	2
авантюрный роман	2
крайней абстрактности	2
что имеет	2
что мы	2
резко и	2
к своей	2
биография и	2
никто не	2
или не	2
той же	2
специфической логикой	2
в мировой	2
и время	2
легкостью переносили	2
сплошь и	2
на почве	2
стороны времени	2
по самому	2
только в	2
подглядывания и	2
оказывается что	2
характер но	2
прямо сказать	2
в маленьких	2
играет большую	2
друг на	2
мотивы были	2
другой день	2
к другу	2
переносили свои	2
этой войне	2
типы и	2
как встреча	2
нашей эры	2
и случайной	2
времени греческого	2
с другой	2
с большой	2
часто и	2
эту жизнь	2
далеко не	2
бы совершенно	2
происходит в	2
сама того	2
случайной разновременностью	2
другие моменты	2
других жанров	2
они с	2
жизнь в	2
почти вовсе	2
бытовые эпизоды	2
человек греческого	2
идея метаморфозы	2
в это	2
в точном	2
элементы в	2
всякая конкретизация	2
лежат в	2
пластичен и	2
бытом не	2
того не	2
же и	2
эти классические	2
географическом романе	2
новый тип	2
и последнее	2
классическом искусстве	2
сравнению с	2
переломных моментах	2
и приключения	2
и является	2
греховная жизнь	2
смысле но	2
есть случайная	2
авантюристы герои	2
от различных	2
и события	2
принадлежит не	2
довлеет себе	2
все только	2
любовные мотивы	2
он должен	2
хронотоп встречи	2
которыми он	2
в целом	2
характер в	2
рядов и	2
и автобиография	2
перерождения и	2
дни ночи	2
греческое авантюрное	2
приватный человек	2
и стал	2
было бы	2
дальнейшим развитием	2
к своему	2
видах фольклора	2
уже на	2
жизни то	2
не завершился	2
сколько угодно	2
и были	2
слуги авантюриста	2
одновременностей и	2
не знает	2
речи в	2
дело в	2
поэтому все	2
как оно	2
верности друг	2
осла и	2
как испытание	2
бы вовсе	2
подсматривания и	2
только на	2
отношения к	2
времени с	2
типа античного	2
человека о	2
в этот	2
внешнее и	2
дальнейшем оказывается	2
и подслушать	2
ночи часы	2
начале романа	2
стадии развития	2
романный хронотоп	2
какое это	2
представлены и	2
частный и	2
жанров античной	2
не случаем	2
и ее	2
и пространственных	2
освоения времени	2
несколько дней	2
реального временного	2
для вторжения	2
важное значение	2
существу не	2
она проявляется	2
ослиной метаморфозы	2
кончается роман	2
он весь	2
фоне которого	2
в человеческую	2
или позже	2
и хлоя	2
во многом	2
его мире	2
зрения элементы	2
но дело	2
он имел	2
в основу	2
на миру	2
ее основных	2
из нее	2
во времени	2
в сюжеты	2
и момент	2
приключений и	2
ii апулей	2
не были	2
но по	2
появляются у	2
прямо построены	2
себе и	2
быть и	2
хронотоп сыгравший	2
в которых	2
золотой осел	2
формы метаморфозы	2
на них	2
нем все	2
и кончая	2
эпизоды в	2
широком смысле	2
исторического процесса	2
подслушивания частной	2
здесь в	2
в данном	2
с необходимостью	2
быт это	2
i греческий	2
в человека	2
этих романах	2
в порядке	2
этой проблемы	2
в опочивальню	2
же что	2
оно уже	2
благодаря этой	2
не новы	2
и клитофонт	2
наблюдает и	2
в центре	2
сюжетных моментов	2
греческих романов?	2
дальнейшем развитии	2
в отличие	2
подразумеваемого родного	2
основе метаморфозы	2
тождества как	2
xviii века	2
жизни или	2
европейской почве	2
равно как	2
для всех	2
для восприятия	2
здесь совершенно	2
только два	2
этого авантюрного	2
сих пор	2
встречи также	2
от этого	2
его тождества	2
особенности авантюрного	2
мнимая смерть	2
в течение	2
нет становления	2
родного обычного	2
настоящему блаженству	2
и слышимо	2
хронотопа эти	2
самим собой	2
это то	2
и дается	2
положение люция-осла	2
сохраняется в	2
употребляется в	2
кризиса и	2
жизни это	2
на себя	2
жизнь с	2
в последующие	2
ее значение	2
большей легкостью	2
сатирикон петрония	2
его но	2
государственной жизни	2
не зная	2
метаморфозы у	2
нормального хода	2
два образа	2
мифологическая оболочка	2
в честь	2
прямое отношение	2
месте пространства	2
начала свою	2
на другой	2
романа так	2
нигде в	2
греческом авантюрном	2
конкретным и	2
три образа	2
судьба начала	2
сюжета и	2
сфер бытия	2
существенное и	2
последующие эпохи	2
др в	2
необходимостью следует	2
не стесняется	2
случая как	2
мире и	2
необходимо чтобы	2
большого эпоса	2
очень сложный	2
мы встречаем	2
быт здесь	2
чем в	2
на минуту	2
и блаженство	2
сплошной овнешненности	2
того и	2
одна из	2
моменты как	2
дается обычно	2
ней по	2
что левкиппа	2
так называемый	2
авантюрное событие	2
тем что	2
мотивов с	2
уже в	2
вступили в	2
они были	2
этапы его	2
и других	2
друг за	2
не меняется	2
например у	2
время греческих	2
превращение в	2
но для	2
эта логика	2
осмысливается как	2
все моменты	2
всех сюжетных	2
и особенностей	2
выход из	2
раскрытия и	2
все возвращается	2
бегство преследование	2
и по	2
к быту	2
не создала	2
человек и	2
внутренняя жизнь	2
форме как	2
во все	2
случайная разновременность	2
очень характерно	2
и злодеев	2
брак в	2
беседа с	2
его целом	2
и иные	2
строгом смысле	2
не осталось	2
мотивы первая	2
видения и	2
существенных типа	2
лежит вне	2
религиозной сфере	2
но конечно	2
наконец и	2
публичной жизни	2
временные ряды	2
времени во	2
отдельной авантюры	2
прославления или	2
не без	2
наказание искупление	2
самую низкую	2
и культур	2
и автобиографического	2
никаких следов	2
пространственных и	2
момент метаморфозы	2
в значительной	2
была сделана	2
в энкомионе	2
друг к	2
об этом	2
литературе например	2
метаморфозы превращения	2
громадную роль	2
буквальном смысле	2
один или	2
клитофонта но	2
с помощью	2
в определенном	2
быть конечно	2
поэтому положение	2
и искупление	2
приключения и	2
само собой	2
хронотопе дороги	2
собой разумеется	2
жизни по	2
для превращения	2
человек по	2
идеологическим содержанием	2
к этому	2
автобиографических и	2
власти случая	2
мир остается	2
попадает в	2
тип авантюрного	2
временных и	2
закрепленного места	2
благодаря случайности	2
того что	2
и бытовой	2
те же	2
тождества в	2
для грека	2
клитофонта и	2
этого времени	2
и перерождения	2
частное дело	2
во всем	2
данной стране	2
главный герой	2
римско-эллинистическую эпоху	2
судьбы здесь	2
не место	2
также и	2
у них	2
и неадекватные	2
дан в	2
во втором	2
превращения и	2
громадное влияние	2
единства и	2
к жизни	2
есть именно	2
и изучает	2
авантюрного ряда	2
до сих	2
природе своей	2
злых жен	2
его в	2
их в	2
эти особенности	2
его на	2
кризис и	2
можно только	2
в истории	2
внешние и	2
смысле слова	2
ничто в	2
неуместное любопытство	2
уже сказали	2
отдельные отрезки	2
ней прямое	2
удельный вес	2
мир в	2
собственная вина	2
к настоящему	2
событий и	2
и особые	2
в нашем	2
и эта	2
еще и	2
последующем развитии	2
как если	2
этим мы	2
площади где	2
роковое возмездие	2
к основному	2
разновидности идеи	2
литературе здесь	2
диковинок и	2
она становится	2
постановка героя	2
ряда определяется	2
важная особенность	2
раз и	2
романа путешествий	2
и определяется	2
стороны и	2
момент в	2
третьим типом	2
ряд не	2
случая и	2
определенном месте	2
друг другу	2
слепая судьба	2
как по	2
и тех	2
сочетается с	2
углом зрения	2
особые функции	2
где и	2
герои в	2
не для	2
тому же	2
биографического и	2
и даже	2
следов не	2
какой-то степени	2
веках нашей	2
с ним	2
в браке	2
слагается из	2
ахилл татий	2
людей о	2
этом романе	2
в точках	2
в строгом	2
имеет в	2
в параллельном	2
ее целом	2
но он	2
я был	2
на друга	2
не является	2
новое и	2
не о	2
очищение и	2
как публичный	2
в исторических	2
нет в	2
пути ищущего	2
романа не	2
очищенный и	2
и перерождение	2
социальное многообразие	2
изображения частной	2
и раскрывает	2
и изображения	2
на следующий	2
развитие всего	2
дафнис и	2
романе в	2
в глаза	2
в буквальном	2
романа уголовный	2
и петроний	2
начиная от	2
и носит	2
немые и	2
точку зрения	2
встреча разлука	2
они приобретают	2
одной стороны	2
роль случая	2
явления в	2
этой метаморфозы	2
случайной одновременности	2
в дом	2
в различных	2
здесь и	2
и принципиально	2
и биографических	2
апулей и	2
в более	2
основном сюжете	2
здесь конечно	2
время случая	2
в новое	2
точном смысле	2
совсем не	2
историческое время	2
он у	2
в соответствии	2
человек человек	2
в географическом	2
никаких принципиальных	2
все то	2
сюжетного движения	2
разножанровые элементы	2
другую страну	2
теории относительности	2
разумеется что	2
вне его	2
такие моменты	2
случая слепой	2
здесь еще	2
публично-риторическое единство	2
по природе	2
она обычно	2
но оно	2
жизни положение	2
была бы	2
их и	2
бытовой мир	2
борьбе с	2
каково же	2
на основе	2
к другому	2
обычно в	2
ряда в	2
его специфическими	2
пространственно-временных определений	2
каком же	2
и бытовое	2
разного рода	2
весьма часто	2
за другом	2
встречи с	2
весь роман	2
процесс в	2
эта сплошная	2
вина наказание	2
полноту и	2
причастен и	2
поздней стадии	2
по всем	2
обратное превращение	2
определенная форма	2
образов одного	2
организационный центр	2
уже не	2
вступает в	2
всей жизни	2
ч xii	2
быта он	2
этих рядов	2
связь между	2
совершается между	2
в исторический	2
мир и	2
и исторического	2
романе эти	2
возмездие искупление	2
случайных одновременностей	2
к ней	2
судебные процессы	2
этих мотивов	2
и изолированный	2
целом с	2
определяется не	2
значение но	2
нем в	2
см например	2
xvii веке	2
моментами биографического	2
момент его	2
те моменты	2
здесь как	2
углубляться в	2
типе прежде	2
авантюрным временем	2
их целом	2
раз никаких	2
сами же	2
часы и	2
от природы	2
и временных	2
особых форм	2
реализация метафоры	2
одновременности и	2
основному ряду	2
для других	2
типу античного	2
значение идеи	2
романа второго	2
по функциям	2
своей жизни	2
ни с	2
греческие романы	2
не как	2
благодаря своему	2
iii античная	2
и к	2
рассказывает клитофонт	2
на один	2
весьма существенную	2
а мы	2
истории этого	2
в своей	2
одних и	2
нет и	2
что авантюрное	2
случайная одновременность	2
свою игру	2
минуту раньше	2
с исключительной	2
ряду вина	2
он только	2
нем нет	2
здесь также	2
мировой литературе	2
и вне	2
новом хронотопе	2
земледельческой жизни	2
всего необходимо	2
моменты авантюрного	2
в оболочке	2
приметы эпохи	2
только я	2
ее в	2
и вообще	2
правда не	2
осложненно и	2
здесь это	2
вопрос о	2
преследование поиски	2
центре его	2
себя и	2
все действие	2
моментах прямая	1
переплетается с	1
у солдата	1
и тождество	1
принадлежит громадная	1
них но	1
иными более	1
окрепла испытала	1
эпохи или	1
его лукиановском	1
характеристики всего	1
вещей и	1
шеллинга у	1
осла эта	1
отцу клитофонта	1
жен импотенция	1
предании и	1
за неуместное	1
развитии продолжали	1
как совмещается	1
романом античность	1
хронотопов этот	1
один художественный	1
самой специфической	1
возвращается на	1
отношение все	1
необходимым связям	1
характер времени	1
всесильным эротом	1
и чуждость	1
прямое и	1
нами путей	1
трагедии описательные	1
настолько минимальна	1
романе черта	1
предназначенную клитофонту	1
восприятия диковинок	1
специфически построенный	1
пока не	1
бубера в	1
измена(с последующим	1
описываются весьма	1
война между	1
конца не	1
оно как	1
не кует	1
кунигунда в	1
испытаний первоначальная	1
романе а	1
кончая романом	1
а многие	1
ее на	1
времени обладает	1
его стесняются	1
есть вынуждают	1
ч xvii	1
строго отграниченный	1
xix так	1
положение также	1
любовных дел	1
внутреннего в	1
а выход	1
чужеродная сила	1
переплавил в	1
почти но	1
подбирает обширный	1
ничтожное количество	1
двумя биологическими	1
существование известно	1
утешался в	1
без воздействия	1
и завоевать	1
метаморфозы уже	1
ряд человечески	1
предназначающих для	1
упоминаемые в	1
не события	1
частности само	1
разрушена он	1
люцию мазь	1
романе даются	1
различные формы	1
сон ч	1
мы наблюдали	1
выступают мифологические	1
родные считают	1
позже в	1
не засчитывается	1
жрецом артемиды	1
реальных людей	1
оценивать значение	1
грек именно	1
жертву решается	1
или даже	1
xx века	1
отрезки охватывающие	1
испытание наполеонистического	1
разгневанным богом	1
лунная два	1
социального целого	1
как война,получают	1
как голая	1
пространстве но	1
даются и	1
обвинению приговорили	1
степени причастными	1
их благополучное	1
жизнь изолированного	1
выводу что	1
мотивов в	1
﻿ оглавление	1
принципы построения	1
политический человек	1
освоения в	1
и временем	1
человеческих временных	1
фольклора можно	1
традиции идея	1
быт однако	1
он сохраняет	1
достиг наконец	1
пустое время	1
бы не	1
подчеркивается так	1
элементы приобрели	1
выработало себе	1
привели здесь	1
предварительные жертвы	1
либо частью	1
эти предметы	1
или неожиданными	1
эфиопская повесть	1
вещами авантюры	1
идей романа	1
определяется характером	1
самую метаморфозу	1
на своей	1
за нами	1
глухим англичанином	1
приступает к	1
и развертывается	1
сам надевает	1
подвесили на	1
того родного	1
приватные с	1
приватность и	1
виноват.своим неуместным	1
теэтет софист	1
авантюру лишь	1
только другим	1
также с	1
это описание	1
апулей дает	1
переживает метаморфозу	1
разновременность явлений	1
целое мифологическая	1
разных фаз	1
героев греческое	1
становится почти	1
на которые	1
фольклорной традиции	1
действует на	1
степени существенных	1
свое покровительство	1
начала не	1
психеи до	1
значение во	1
нормального автора	1
переплетавшееся с	1
возникнуть ведь	1
в ошибке	1
как составные	1
поколения людей	1
воплощены были	1
начале брак	1
я не	1
вносит существенный	1
сказать смакуется	1
в христианском	1
под третьим	1
вновь подтверждено	1
тоже спаслись	1
результате пережитых	1
этим событием	1
хаоса и	1
говорили в	1
и силы	1
страдания очищенный	1
определялся бы	1
времени принадлежит	1
у шеллинга	1
раритетов наряду	1
их дальнейшем	1
него своя	1
ни один	1
однако эти	1
которой можно	1
но потому	1
эпоху их	1
впервые появилось	1
и величина	1
развития человечества	1
времени этого	1
в религиозной	1
всякой природной	1
и явления	1
временным рядам	1
разных времен	1
значение оказались	1
высока и	1
нарушенное случаем	1
чисто циклическое	1
следа в	1
в романах	1
участники этого	1
оказали громадное	1
в органическом	1
образа именно	1
художественной обработки	1
легкость авантюр	1
резко отличный	1
сказать не	1
перечисленные нами	1
что описывается	1
форм но	1
его появлении	1
в построении	1
изобретал и	1
его специфической	1
герой стремится	1
романа снова	1
временем условно	1
публично-государственному контролю	1
трех-пяти странах	1
сюжетных мотивов	1
человеческих решений	1
ярко проявляется	1
кораблекрушения необходимо	1
в теории	1
как метафору	1
действенность всего	1
публичное значение	1
не говорится	1
часть место	1
наукой и	1
сложном синтетическом	1
существу невидимого	1
различны образы	1
составляют и	1
возникшая страсть	1
разделенных и	1
люций далее	1
определенным полуциклическим	1
не знал	1
площади не	1
романа неожиданно	1
и тогда	1
материале развития	1
эпохи этим	1
тюхе богов	1
логикой этот	1
апулея имеют	1
целомудрие брак	1
герои возмужали	1
жанров на	1
проявление одинаковости	1
форм большого	1
истинному познанию	1
и романные	1
нами был	1
с объемлющим	1
секреты наживы	1
могло бы	1
всего совершенно	1
метаморфоза стала	1
тот разрыв	1
важное положение	1
то были	1
построены как	1
исходное нарушенное	1
осла он	1
аморалиста эмансипированной	1
цепи авантюр	1
уже полностью	1
перекресток всегда	1
возраст героев	1
каким может	1
специфическое время	1
испытания резко	1
и сгущенными	1
мифологической и	1
стендаля и	1
кораблекрушение на	1
из больших	1
попытка в	1
в ранних	1
раскрывать ее	1
похитителям также	1
сны у	1
хронотопичен как	1
в приватную	1
убегают защищаются	1
себя побуждает	1
черта громадной	1
устанавливаются в	1
механического объединения	1
всегда поворотный	1
очерков здесь	1
меняется характер	1
лишь как	1
различные словесные	1
почти как	1
и вот	1
которая тебя	1
иногда даются	1
этого пути	1
путь проходит	1
быть найдены	1
этой осложненной	1
чувства особенно	1
с чем	1
схемой пути	1
начинает обособляться	1
и тюрьма	1
масштабы и	1
слияние жизненного	1
встречи и	1
ведь эти	1
парвеню полностью	1
может состояться	1
времени сюжет	1
скорбь немое	1
но клитофонту	1
не раскрылись	1
общий вопрос	1
человек может	1
перерождением образ	1
привела люция	1
описание дальше	1
жаждущего только	1
бегство влюбленных	1
поднимаются выше	1
явления как	1
человека связан	1
момент играет	1
собою все	1
которой просвещает	1
было закреплено	1
жизни куртизанки	1
исходная точка	1
явления природы	1
охарактеризованным нами	1
авантюры греческого	1
лишь только	1
я сам	1
время являющееся	1
форма энкомиона	1
краткий обзор	1
дней а	1
хронотопов и	1
самому своему	1
постараемся показать	1
власть которой	1
до истины	1
назову дошедшие	1
любовно-идиллического хронотопа	1
из этой	1
музыка эта	1
романной продукции	1
прямолинейного а	1
только того	1
след в	1
позиция героев	1
петроний переходим	1
метаморфоза почти	1
метаморфозы превращение	1
закономерностью и	1
в ряд	1
богов как	1
мотивы превращения	1
мире случайные	1
степени мотива	1
следовательно лежит	1
присутствии хора	1
между фракийцами	1
доехав до	1
существенных моментах	1
чуждость этого	1
внешнем предприятии	1
одном и	1
романе действия	1
биографии не	1
переместимы отдельные	1
развитии европейского	1
которой он	1
оракулов вещих	1
он одинокий	1
же времени	1
ожиданию смерти?	1
решающее роковое	1
себя замкнутое	1
историческом развитии	1
от мира	1
имеющиеся в	1
художественного освоения	1
и узнают	1
когда оно	1
напомню замечательнейший	1
жанрах приватная	1
резко разные	1
же пространстве	1
неподвижны никаких	1
путь люция	1
ее существу	1
многие вещи	1
всякие следы	1
располагаются и	1
втянутыми в	1
этим полны	1
природу и	1
философскими утопическими	1
влияние не	1
разветвление культовое	1
играет значительную	1
бы свои	1
ушам я	1
всякой борьбе	1
смены поколений	1
отметить тесную	1
эпоху это	1
очищающее люция	1
к активности	1
романе страны	1
получает различные	1
самих и	1
собою теэтет	1
судьба и	1
исторических жанров	1
исократа говоря	1
построен не	1
оно сочетается	1
столько внутренний	1
сводни в	1
особенностями отдельных	1
сиянья которой	1
один юноша	1
порядке публичного	1
анализ по	1
благодетелей и	1
особую идеологическую	1
обособленно мотив	1
имеют биографическое	1
бы вплетенными	1
их специфическими	1
раскрыть и	1
мира откуда	1
потеря брак	1
позволяющая ему	1
представляет лишь	1
идей пир	1
без слияния	1
дороги так	1
в полускрытой	1
мистерии в	1
левкиппа оказывается	1
много сфер	1
не дается	1
эти элементы	1
всецело определяется	1
преследованиепредполагает преодоление	1
проблема исторической	1
авантюрный никаких	1
властью зрячей	1
получившие типичного	1
жизнь постельные	1
романов велик	1
угодно все	1
к событиям	1
соответствующий пребыванию	1
мучая тебя	1
значение его	1
резко отличных	1
последующем историческом	1
времени ибо	1
допустимости самопрославления	1
себя? оно	1
нашей прямой	1
сюда же	1
литературе ведущим	1
больших и	1
еще обратимся	1
термины сюжетного	1
инициативных человеческих	1
им даже	1
неотделимо от	1
между пространством	1
совпадение то	1
с колдовством	1
уясняются и	1
когда судьба	1
различными шарлатанами	1
у сореля	1
то место	1
человек руководящийся	1
изучает люций	1
и откуда	1
бесконечного авантюрного	1
опубликование публичная	1
одним из	1
общественно-государственные наконец	1
сказать подтвердило	1
лишь функции	1
зрения на	1
как часто	1
бы новые	1
всей раздробленности	1
идеал и	1
романе вальтера	1
мы выделим	1
были хорошо	1
великий кир	1
прагматически или	1
и лучше	1
и неизменность	1
знает таково	1
форма и	1
реальным путем	1
времяпространство термин	1
самый жизненный	1
на классической	1
последовательная публичность	1
нахождение узнание	1
только испытывает	1
взятые не	1
оно раздроблено	1
основою их	1
медном троянском	1
благодаря счастливым	1
романа проник	1
дело отдельного	1
бы в	1
путем-дорогой то	1
особый ряд	1
необычных вещей	1
и конденсирует	1
их же	1
его здесь	1
настолько в	1
то должны	1
поздней риторики	1
биографически жизнь	1
проверка ее	1
путем выборки	1
других областях	1
левкиппа жива	1
очищению требующая	1
образа психеи	1
эмансипированной женщины	1
встречающих устанавливаются	1
построены на	1
разновидностей его	1
между судьбою	1
замкнутый и	1
а последним	1
математика и	1
их происхождение	1
и отношений	1
и публичного	1
культа сюда	1
идее испытания	1
смысле романов	1
как греческий	1
хронотопом что	1
третьего особых	1
таким же	1
романе объединение	1
менее значительна	1
разъединенных и	1
историй обращения	1
специфику положений	1
пространством измеряемым	1
объединяются между	1
начать с	1
на месте	1
охвата целого	1
причастен человек	1
и море	1
уже показали	1
план греховная	1
мира каков	1
идеальном и	1
корабле случайно	1
казни в	1
и переплавил	1
судьба мучая	1
сцену на	1
вневременному зиянию	1
частности,«парвеню положение	1
почти полностью	1
принципиально-одинокого человек	1
есть такого	1
время когда	1
основном человеческое	1
немого и	1
абсолютно бездейственно	1
возмездие также	1
нам в	1
героини преимущественно	1
об образе	1
последовательный путь	1
не подлежит	1
всякой встрече	1
в элевсинских	1
выражению чувств	1
искупительными страданиями	1
основного сюжета	1
этого нового	1
по-разному мы	1
инициативной случайности	1
внебытовые сферы	1
гениальность одна	1
нильского более	1
к полноте	1
моментов временного	1
друга форм	1
не меняет	1
гражданская надгробная	1
плане их	1
страдания убереглись	1
отдельные стороны	1
напротив сны	1
и жизненной	1
не более	1
уголовных преступлений	1
осмысливаются событиями	1
поворотный пункт	1
привилегированные классы	1
свободно говорили	1
литература частной	1
надо сказать	1
связь этих	1
экзотика предполагает	1
на торжественном	1
мы убедились	1
очутились как	1
же реального	1
случайно взяла	1
овнешнен в	1
примесь элементов	1
ограничивает абсолютной	1
романа положение	1
человека лишена	1
клитофонту была	1
распадается на	1
предполагают быстрый	1
значение чем	1
и кунигунда	1
ii–vi веках	1
две особенности	1
ограниченной ведь	1
безукоризненность героев	1
четкостью и	1
дурная примета	1
морская буря	1
фракийцами так	1
которыми и	1
и трагедии	1
рядом со	1
перемена ролей-масок	1
совершенно определенных	1
врагами гадания	1
герой сам	1
высший суд	1
первый раз	1
как разлука	1
духовное и	1
событий романа	1
не локализован	1
форм времени	1
осла обратное	1
коня за	1
тождества.но и	1
основу чем	1
схождение в	1
логика случайное	1
ряд как	1
в остальном	1
биологически невозможно	1
характерные образцы	1
другие дополнительные	1
времени если	1
наконец четвертое	1
увидим что	1
так уже	1
аналогичным но	1
единством у	1
не бесследное	1
принуждены изучать	1
романа все	1
народный хронотоп	1
осел люций	1
результате изображенного	1
буало в	1
уже к	1
есть некоторого	1
организации отдельных	1
случай же	1
снова вступит	1
является авантюрное	1
ряда напротив	1
самому ее	1
слова и	1
разновременности также	1
похождениях затем	1
европейских исторических	1
разложением его	1
у золя	1
каждой отдельной	1
себе не	1
что во	1
на ее	1
хронотопе принадлежат	1
авантюры они	1
диккенс и	1
романа вплоть	1
это превращение	1
определяющих весь	1
необратимый теогонический	1
и драмы	1
видение и	1
служит для	1
находят обычные	1
время этого	1
фотиды которая	1
занимает проститутка	1
счастливый брак	1
характер здесь	1
локализованными и	1
важен тот	1
роль случай	1
играя в	1
тот внешний	1
однако не	1
ограничила бы	1
правда этот	1
соответствуют моменты	1
сюжете в	1
внутри себя?	1
люция на	1
идее превращения	1
и хронотопичности	1
так конкретен	1
и сосуществование	1
пелусию и	1
управляются одной	1
публично-гражданственная проверка	1
себя власть	1
метаморфозы зерна	1
другая страна	1
мистерийное очищение	1
исключительной красотой	1
составу греческий	1
автобиографии но	1
и наиболее	1
количество этих	1
вообще судебно-уголовные	1
в i-ii	1
обработки освоенных	1
фоне подразумеваемого	1
не роль	1
в самую	1
находятся в	1
прямым углом	1
по внешности	1
чистом типе	1
сделался если	1
другими мотивами	1
значение у	1
появлении на	1
времени это	1
успеть догнать	1
первый план	1
был занят	1
его под	1
ставили вопрос	1
характер замкнут	1
перерождения слова	1
мотивы золотого	1
отец начинает	1
изощренная казуистика	1
также отвлекаемся	1
науки и	1
и несравненно	1
всей цепи	1
этих положений	1
формальный почти	1
считают его	1
присутствии люция-осла	1
через что-то	1
он проходит	1
людей поэтому	1
время совершенно	1
призван быть	1
ролях исключение	1
виде с	1
половине дома	1
от ласарильо	1
стороне от	1
относительности эйнштейна	1
доброго христианина	1
центром его	1
но изображению	1
закреплялись традицией	1
живет в	1
увоз похищенного	1
зная привела	1
спуститься в	1
сражаются спасаются	1
с греческим	1
протяжении всего	1
смерти и	1
громко герои	1
и явлений	1
высшие внебытовые	1
люций вспоминаю	1
страсть в	1
биографический ни	1
о предзнаменованиях	1
путем анализа	1
для некоторых	1
описывается в	1
его судьбе	1
образов плута	1
внезапная вспышка	1
их отвлеченной	1
пастушеско-идиллическом хронотопе	1
авторов мир	1
рыцарский роман	1
отличается романное	1
античность не	1
у мельника	1
случаем.ведь все	1
на свои	1
вплетенными в	1
встречались и	1
видел я	1
истории предоставляющая	1
в религиозных	1
выступает с	1
встречи тесно	1
вариации этих	1
совершенно различных	1
поэтому метаморфоза	1
описания некоторых	1
пути греческая	1
времени напротив	1
возрасте в	1
когда это	1
романе этого	1
член хронотопа	1
измены злых	1
могущество человека	1
оставляет вследствие	1
здесь поэтому	1
иметь какую-то	1
все искусство	1
опередить быть	1
проявляется отрицательно	1
основное авантюрное	1
основные руководящие	1
определений близость	1
момента ведь	1
человека раскрывающегося	1
что лежит	1
совокупность требований	1
помине нет	1
при сопоставлении	1
быту частной	1
на влияния	1
важно это	1
жанр не	1
точно не	1
религиозные философские	1
ахилла татия	1
внутренне ей	1
чаще всего	1
случая вследствие	1
он раскрыт	1
в особенно	1
публичной в	1
восстанавливается исходное	1
этажей частной	1
себя по	1
частности целомудрия	1
публичная жизнь	1
играющий весьма	1
значение по	1
идеально-биографической схеме	1
два человека	1
человеческую природу	1
и поискам	1
моментов романа	1
особенность второго	1
существенных внутренних	1
от отношения	1
п такая	1
не оставляющее	1
вообще свойственной	1
идей сохраняется	1
кунигунда похожа	1
прославления себя	1
плут меняющий	1
погонщика жена	1
почти уже	1
остроумные и	1
о своих	1
принимает иной	1
дают героям	1
повара у	1
судьбы оторванной	1
на призванность	1
человека живущей	1
день все	1
и установило	1
плутовских не	1
одну из	1
частный приватный	1
и нет	1
место всевозможные	1
ритор аристид	1
до наших	1
евангелиях так	1
искусство и	1
образ героя	1
в фольклорном	1
жизненной судьбы	1
до старости	1
имеет греческие	1
оставляет никаких	1
чем они	1
образ умершего	1
начался процесс	1
идеальным у	1
своей специфической	1
через три	1
укажу здесь	1
англичанином кэдуоледером	1
жизни какова	1
этой идее	1
готовились уже	1
данное место	1
греку все	1
еще исповедь	1
сделать чтобы	1
действия вполне	1
строго регламентированные	1
сыгравший немалую	1
бытовой новелле	1
платоновское царство	1
на природу	1
дефо капитан	1
авантюрный человек	1
браке между	1
перенесем его	1
причастными этому	1
пусть же	1
человека носило	1
сюжеты не	1
содержания является	1
раскрывается социальное	1
можно бы	1
новеллы прямо	1
осла вовсе	1
примет родной	1
время ни	1
кораблекрушении тоже	1
реальный характер	1
тождеством также	1
мед время	1
моменте их	1
никаких внутренних	1
в перигрине	1
роман ввел	1
соответствующих способа	1
сохранило для	1
и просветленный	1
осмысливается и	1
даль чтобы	1
самой европейской	1
бытовую маску	1
и основные	1
с путешествием	1
регламентированные где	1
и сатир	1
и сгущенный	1
об уголовных	1
мир у	1
и другого	1
изучению форм	1
вообще есть	1
судьбы власть	1
прикрытием этой	1
богов сами	1
видения дают	1
страны а	1
ставит их	1
закономерности свой	1
исчислено это	1
чрезвычайно прост	1
ритмом и	1
учтенные в	1
замечательную по	1
управляющая в	1
голой занимательности	1
жертвы придется	1
нам еще	1
жизнь уголовные	1
адекватные характеристики	1
содержанию образа	1
пространственного места	1
качестве одной	1
роковое значение	1
избранничество гениальность	1
проделала очень	1
характер всей	1
пересказах в	1
метаморфозы очень	1
перенесенным возмездием	1
минимальна что	1
любовных сценок	1
завершился на	1
после превращения	1
в событиях	1
автобиографии разобранною	1
изучения чувства	1
ккоторому привела	1
схема основных	1
английских гуманистов	1
кризисами и	1
любовной поэзии	1
любовная тоска	1
таково исключительно	1
разрешался этот	1
и дело	1
и окончательную	1
и мир	1
корабль распался	1
речи о	1
европейскому типу	1
всегда существенно	1
это философия	1
чудесного превращения	1
одинаковости биографического	1
этих античных	1
и воплощены	1
и красивые	1
особым авантюрным	1
вспоминаю свое	1
вообще момент	1
типов весьма	1
и раскрываются	1
есть авантюрно-бытового	1
образцы дошли	1
вавилон эфиопия	1
сочетанием природного	1
и целостности	1
существо остается	1
образов человека	1
или нежеланной	1
столько гроз	1
человеческого образа	1
и совсем	1
не уголовный	1
сугубо приватная	1
изолирован и	1
метаморфоза у	1
в александрийской	1
и приватного	1
и сюжета	1
риторико-юридический характер	1
создала но	1
новы все	1
они сохраняют	1
проблемы особой	1
роман дафнис	1
романе с	1
авантюрам внутри	1
мистериях носит	1
народ это	1
милостивых не	1
сюжеты романов	1
служит у	1
гордое самопрославление	1
неадекватныйвнутреннему действительному	1
греческих романах	1
объемлющей ее	1
жанрах носили	1
злодеев именно	1
без каких-либо	1
роман вводятся	1
сущности слагаются	1
того в	1
его последовательной	1
же авантюры	1
входят как	1
вводя в	1
почве мы	1
античном географическом	1
в нужный	1
включается в	1
но без	1
ряда но	1
когда не	1
названная в	1
как неизлечимая	1
выборки из	1
житиях относящихся	1
фольклора и	1
не встретиться	1
же идет	1
судьбы героя	1
арминий и	1
выражают свои	1
себя одного	1
романа напротив	1
люций мистерийно	1
этих моментах	1
граничащего с	1
и целостного	1
первоначальная внезапно	1
ними вовсе	1
никакого общественно-политического	1
после перерождения	1
характер чтобы	1
такая она	1
роксана дефо	1
началом и	1
зримы слышимы.публичная	1
преследованиям и	1
тождества а	1
дома ч	1
компактная замкнутость	1
служит собственная	1
переместимостью в	1
моменте греческий	1
момента человеческого	1
его называть	1
переданы лишь	1
случайностям в	1
метаморфозы создается	1
же примыкают	1
помощью разумного	1
играет вообще	1
количество приключений	1
миру и	1
этого бытового	1
тип испытание	1
однородные и	1
фольклора для	1
же новелле	1
медиуме поэтому	1
сгущенное в	1
романа организовано	1
получают публично-риторическое	1
временного расчленения	1
внешний формалистический	1
имеет к	1
наиболее абстрактный	1
эти жанровые	1
при кораблекрушении	1
проделывает не	1
самом важном	1
существо этого	1
его события	1
нечеловеческая необходимость	1
надел на	1
отграниченный и	1
романа преодолев	1
какое-то поручение	1
центр видения	1
себе адекватные	1
внимательно к	1
им делать	1
племянник рамо	1
этом услыхал	1
романов такие	1
есть должно	1
гомеровского словаря	1
незримые сферы	1
на корабле	1
конкретно представлены	1
ч iii	1
адекватные формы	1
носит человеческий	1
в возраст	1
есть специфическое	1
через эту	1
романе значение	1
самодовлеющие любопытные	1
столь густо	1
энея но	1
неожиданно посылается	1
отрицательном мотиве	1
принадлежит самому	1
изображаемые точнее	1
основные этапы	1
начинается процесс	1
честь артемиды	1
будем ответить	1
найти произведение	1
воровство обманы	1
есть смену	1
чрезвычайно важными	1
от так	1
раритетов таким	1
и простоту	1
и выражаем	1
последующих похождениях	1
этой случайной	1
него необычный	1
проч секреты	1
колебаний и	1
стал призывать	1
риторической основе	1
сон раскрывающий	1
непосредственная хотя	1
громкого опубликования	1
возлюбленных в	1
и пространство	1
в окружающем	1
такого ищущего	1
непосредственно переходит	1
он видит	1
тем же	1
философии не	1
и играет	1
силой случаем.ведь	1
с идеей	1
конем гиппопотам	1
странное животное	1
помощи которой	1
культов с	1
сходными по	1
явлениях в	1
делами и	1
жизни вне	1
напротив этот	1
другая судьба	1
быть или	1
было вначале	1
моментами имеются	1
был на	1
вставных бытовых	1
жизни посвященный	1
фольклором здесь	1
наоборот события	1
самоуверенное невежество	1
бы временной	1
сохраняется хронотопичность	1
романе vii	1
сообщения и	1
миру в	1
романов после	1
таких произведениях	1
особенностями примитивной	1
щекотливые положения	1
исключительно конкретным	1
причинного или	1
определяемые рядом	1
целомудренны они	1
эти противоречия	1
ранних философских	1
сам главный	1
или грустной	1
осла так	1
перпендикулярны к	1
становится другим	1
друга находят	1
следов ни	1
что этот	1
бы свободу	1
как составляющие	1
элементы воспринимаются	1
же видимо	1
встречаются друг	1
бы абсолютную	1
второй софистики	1
и каждый	1
всегда либо	1
и мгновеннойстрастью	1
историографических произведениях	1
сразу он	1
невесте и	1
третьего который	1
человеческого тождества.но	1
план дан	1
случайно в	1
действенной меняет	1
и овладевает	1
более и	1
конкретизация даже	1
и условностью	1
должен быть	1
классической эпохи	1
берегу моря	1
испытания как	1
протекают и	1
выражению образ	1
романе пространство	1
этим власть	1
плутовской роман	1
само испытание	1
жизни гражданина	1
они наделены	1
движении во	1
бы вправе	1
но значение	1
ты сделавшись	1
зрелости и	1
божество часто	1
совершился на	1
сфере сочетается	1
определяет построение	1
наконец ты	1
нем как	1
звеном ряда	1
этой шкуры	1
мотивы бури	1
специфическими вдруг	1
его абсолютной	1
как третьего	1
введен и	1
божественное провидение	1
типа автобиографий	1
любви или	1
лишь то	1
от всех	1
его переживания	1
и xviii	1
разновидностях раннехристианской	1
их целомудрие	1
моря перед	1
ласарильо и	1
сюжетная игра	1
тоска первый	1
в положение	1
разработан отрезок	1
полуциклическим ритмом	1
слиянием примет	1
у великих	1
как окончательный	1
этот далеко	1
мы почти	1
время оно	1
своих поступков	1
поиски обретение	1
сплетается с	1
своего рода	1
раскрылись то	1
время он	1
юноша возвращается	1
преисподнюю и	1
достигается лишь	1
испытания prufungsroman	1
нормального жизненного	1
ее содержания	1
разновременностью в	1
претерпевающий страдания	1
они вспыхивают	1
он применял	1
степени реальности	1
его странами	1
стольких дней	1
и соответствующие	1
знал нашего	1
и легкостью	1
образом весь	1
на половой	1
эпоху само	1
также имеет	1
следственных догадок	1
характер сочетания	1
приватный изолированный	1
великих французских	1
похитили приняв	1
косвенной форме	1
вообще случайность	1
площади впервые	1
отрезки которые	1
которой нет	1
авантюрно-бытовым романом	1
это бродячий	1
условиях вырабатывались	1
с отрицательным	1
их сложном	1
платья временная	1
ему подсматривание	1
связью пространства	1
iii повсюду	1
для подсматривания	1
вина искупление	1
был биографически	1
художественное разложение	1
вторжения чистой	1
становится другом	1
в научной	1
его вместе	1
снов предчувствий	1
его составная	1
испытания дается	1
все превратности	1
и циклический	1
правильно но	1
резкую и	1
молот событий	1
благоприятствующих героям	1
испытания человеческого	1
образцов этого	1
человеческих ошибок	1
они оказываются	1
возраста их	1
противопоставление чужого	1
вносит в	1
хотя термины	1
родной действительности	1
человека человека	1
их благородство	1
рядом вина	1
созданного этим	1
таится более	1
анализа изучения	1
даже то	1
развертываются временные	1
ищут друг	1
им и	1
здесь иной	1
специфическими формами	1
длинные риторически	1
этом разнообразии	1
фольклорное ядро	1
романа сохраняется	1
клитофонтом он	1
готового продукта	1
переживают невероятнейшее	1
проникающая эти	1
переместимостью то	1
та пауза	1
изолированным приватным	1
зачаточные следы	1
само государство	1
его же	1
девятая вставная	1
внешнее одухотворено	1
впрок пошло	1
клитофонт левкиппа	1
в новом	1
масштабы подходы	1
авантюры порождения	1
последующих веков	1
уголовными преступлениями	1
клитофонт начинается	1
эту игру	1
орел похитил	1
в xix	1
мотивы природы	1
лишь какой-нибудь	1
него вовсе	1
своему,в ней	1
все снова	1
есть изнанка	1
определили первый	1
разлука потеря	1
романа заполняющие	1
зыбкие следы	1
и композиционные	1
веках золотом	1
окончания и	1
смену образов	1
момент приватной	1
он использовал	1
фольклорного хронотопа	1
и девушка	1
счастливой случайности	1
три резко	1
и историческом	1
встречи элементарно	1
и разнообразном	1
вовне для	1
это зияние	1
нем носит	1
же организован	1
как своего	1
за пределами	1
экстенсивность поэтому	1
сняли с	1
и гораздо	1
людей золотой	1
называемое нильским	1
или благородный	1
без которой	1
примет второй	1
отчасти уже	1
люди xviii	1
и гибкостью	1
изучения и	1
героини она	1
из которых	1
подробности своей	1
пытку и	1
которая необходима	1
же так	1
главным образом	1
и они	1
этому жанру	1
идеей тождества	1
поздних авантюрных	1
левкиппе лишь	1
нищего в	1
на весь	1
переводе времяпространство	1
я вошел	1
особый тип	1
именно философию	1
не причастный	1
путь пролегает	1
по его	1
нем абсолютно	1
сфера и	1
брачного возраста	1
инициативу в	1
этот употребляется	1
произведения своя	1
воскресением мнимая	1
играть роль	1
христианского культа	1
фона обычного	1
и неизбежно	1
композиционный организующий	1
оставляют следов	1
приапичен его	1
многообразие в	1
веков он	1
образа сократа	1
громадною жизненною	1
внутренних изменений	1
моменты человеческой	1
что это	1
не названная	1
разные образы	1
идеализованное земледельческое	1
блаженство этот	1
из всего	1
и подробно	1
любовь остается	1
первофеноменом он	1
образа те	1
хозяев продолжает	1
этой площади	1
но какой	1
выработанных в	1
все выясняется	1
благородный человек	1
касается до	1
она есть	1
уже за	1
и английских	1
человека располагалось	1
сделаны из	1
самые щекотливые	1
гроз достиг	1
литература литература	1
мазь для	1
округлены и	1
сливаются образ	1
и целостный	1
я и	1
бы прибыть	1
содержании романов	1
циклизованное но	1
романов подразумеваемый	1
об особенностях	1
приобретают лишь	1
и амбивалентной	1
все содержание	1
уже омертвевшие	1
здесь тот	1
встречи постоянно	1
свет дневной	1
свой взгляд	1
жестокости ибо	1
они уже	1
отрицательным знаком	1
этих идей	1
художественного отражения	1
и религиозной	1
богов злодеев	1
бытовых жанрах	1
романных типах	1
этот временной	1
быть лишь	1
которого никто	1
блаженство см	1
замкнутое поэтическое	1
случайных совпадений	1
человеческих измерителей	1
находились в	1
его разными	1
случайные одновременности	1
литературно-книжного характера	1
том самом	1
перемещение человека	1
литературу особенно	1
измерители для	1
в фастах	1
отраженным сюжетным	1
то новое	1
различных сооружений	1
положим золотого	1
образ прославляемого	1
игра с	1
хронотоп вместе	1
хронотопе этого	1
ними не	1
отмеченное нами	1
соблазны ставит	1
окружающей родной	1
по пути	1
нас часть	1
организовано именно	1
романном целом	1
человека были	1
специфическими особенностями	1
получать полуметафорическое	1
спокойной пристани	1
жанрах эти	1
дадим наш	1
левкиппу клитофонт	1
прочие события	1
друг с	1
иногда прямо	1
греческого и	1
так неожиданно	1
рода дорожные	1
жениха и	1
сюда мы	1
авантюрном ряде	1
всех превратностей	1
образцах авантюрно-бытового	1
само слово	1
ее тотчас	1
x заключительные	1
же оповещают	1
но очень	1
приватно-интимные подробности	1
они убегают	1
силами присматриваясь	1
абстрактный ведь	1
родном в	1
близость даль	1
их целомудрия	1
разрыв та	1
народе поэтому-то	1
одновременность разновременность	1
образом публично-риторическое	1
и совершается	1
роль даже	1
красотой они	1
исполнить какое-то	1
весь цинизм	1
раскаявшегося доброго	1
на полноту	1
крупица народной	1
зверя так	1
бы органически	1
необычный внебытовой	1
что их	1
описывается слон	1
античным географическим	1
случаем с	1
организовано внешне	1
здесь лишь	1
не описываются	1
пошло тебе	1
мир пришел	1
глубоким весьма	1
крокодил видел	1
романе имеется	1
и раритетами	1
и приходит	1
которых подытоживаются	1
новеллах округлены	1
и закрепленного	1
предполагает зрителя	1
роль люций	1
бродячий актер	1
без чуждости	1
и жанровые	1
экзотическим экзотика	1
пространстве все	1
метаморфозы проделала	1
к отдельным	1
ее механику	1
даже развязкой	1
тела одежду	1
удивительною быстротою	1
с пространством	1
просто дни	1
она совершается	1
видит вещий	1
происхождения найденыш	1
следует его	1
авантюр и	1
и быта	1
ни внешнего	1
высшей степени	1
жизненною силой	1
построении образов	1
это было	1
другому беседа	1
психее первым	1
из этих	1
то применяем	1
другим временным	1
на берег	1
и сами	1
характеризуются случайной	1
деле и	1
которая спасла	1
пространства нужны	1
композиционные функции	1
ее сам	1
и вещи	1
интимных пружин	1
жизни лишенное	1
сливающегося ни	1
формами мифологической	1
чтобы весь	1
него разработаны	1
или софистический	1
но уже	1
разные этапы	1
и более	1
я отлично	1
то мир	1
от образов	1
общественно-политические приобретают	1
эпифании в	1
знала лишь	1
трудам и	1
романе сила	1
снова находят	1
сводятся только	1
адекватное значение	1
позже то	1
характерно оно	1
всех временных	1
были произведениями	1
четвертое измерение	1
роль раба	1
и довлеют	1
находят своих	1
чтобы вернуться	1
хронотоп viii	1
всей ее	1
конечно ничего	1
пересечением рядов	1
технично это	1
мышление как	1
что дорога	1
типа времени	1
времени никакого	1
на авантюрный	1
сплошного овнешнения	1
к опубликованию	1
действующих лиц	1
становятся днями	1
все высшие	1
приходится бежать	1
политические и	1
обычно возрастные	1
образов умерших	1
мира чаще	1
например странные	1
из того	1
невесту похитили	1
есть только	1
подсмотреть и	1
страстности своего	1
меняет самого	1
неадекватные публично-риторические	1
не циклическое	1
важность встреч	1
преуменьшать значение	1
земледельческого быта	1
некоторые разновидности	1
антиподы чужого	1
а роль	1
разбойниками в	1
изнанка подлинной	1
подчиняясь его	1
в родном	1
бы втянутыми	1
или скажем	1
а описывается	1
уже с	1
раз наиболее	1
случайный разрыв	1
обратимостью моментов	1
вопросом о	1
объемлющий его	1
или разновременности	1
конкретный и	1
они неизбежно	1
не к	1
жизни совершенно	1
другу но	1
и этим	1
идеи здесь	1
общеизвестное ее	1
типов но	1
жанрах главным	1
в спальню	1
становится частной	1
часов мгновений	1
истины были	1
в трагедии	1
именно отдельных	1
исключительно частная	1
не чувствует	1
путь сливается	1
человеческий мир	1
описательные мотивы	1
однако брак	1
ч хххi-хххii	1
в брак	1
случайности соответствуют	1
влюбленные разлучены	1
игру судьбы	1
положение героя	1
осталось исключение	1
и функции	1
кораблекрушения войны	1
это низшая	1
эротом с	1
на всю	1
похитил приготовленное	1
омуте частной	1
времен и	1
до перерождения	1
с такою	1
построению нового	1
отношении составляют	1
татия хэрей	1
мотивы греческого	1
отдельные эпизоды	1
проникнут фольклорными	1
с нашим	1
качества прочной	1
жизни та	1
классических мистериях	1
трудового земледельческого	1
своднями и	1
идеальный образ	1
отвлекаемся здесь	1
и приобретает	1
одной силой	1
мотивом преследования	1
обратным превращением	1
судьбу ряд	1
их ум	1
образ немота	1
в сравнительно	1
полном виде	1
всех событий	1
это тот	1
я так	1
даже просто	1
приходится он	1
не выдвигается	1
быту никакого	1
и которыми	1
деятельности это	1
даже абстрактном	1
овнешненность очень	1
мы относим	1
войне левкиппа	1
здесь идет	1
отплывающее судно	1
сложен сложна	1
началась и	1
злодеев которые	1
мифологической основе	1
приводит не	1
и тюрьма,покушение	1
же каким	1
началось самосознание	1
небольших любовных	1
праздно-любопытный он	1
обладавшая громадною	1
возвращением на	1
его характером	1
и бытом	1
не светит	1
романе только	1
разные и	1
его сюда	1
протекал осложненно	1
ночь на	1
сомнению влияние	1
однократного чудесного	1
заключительные замечания	1
но характерно	1
осла прежде	1
религиозных ритуалах	1
все последующие	1
временя этих	1
герой и	1
складываются в	1
допустимо и	1
этот реальный	1
раскрывающегося в	1
свои необходимые	1
эта идеальная	1
психее которая	1
честью в	1
левкиппой и	1
личину осла	1
искушения целомудрия	1
поиски пленения	1
отпадает абстрактность	1
ряд романа	1
в народных	1
хронотопе встречи	1
романных злодеев	1
но связь	1
романе положение	1
всех ее	1
и изолирован	1
прост и	1
бытия из	1
он призван	1
седьмая одиннадцатая	1
время с	1
слова но	1
торжественной процессии	1
встретились потому	1
отрывках или	1
прекрасная кунигунда	1
мы под	1
точнее упоминаемые	1
взгляд и	1
и слагаются	1
поступке в	1
он готовился	1
дорога в	1
получить различные	1
ведьму удовлетворение	1
то более	1
приобретают в	1
своих руках	1
принципиальная дифференциация	1
романов дефо	1
сооружений произведений	1
античного авантюрно-бытового	1
определялись этим	1
некоторые мотивы	1
геродота рассуждения	1
обо всем	1
идей все	1
заклания левкиппы	1
ему крокодил	1
погибают но	1
апологии публично-риторическое	1
собственной жизни	1
с долгим	1
отведенного ему	1
претерпевает эту	1
где она	1
слово метаморфоза	1
и определенных	1
они свой	1
ритора элементы	1
быть переданы	1
и полна	1
же жизнь	1
с детства	1
подлежало бы	1
греческой почве	1
оказываются уже	1
литературе она	1
жертву в	1
сохраняет свое	1
развития гесиод	1
форма в	1
становится ясным	1
ясностью значение	1
все духовное	1
своего образа	1
же интенсифицируется	1
социальной группой	1
вправе ее	1
и действовали	1
хронотоп но	1
которая вошла	1
незримость этот	1
миру публично	1
причем раньше	1
судьба или	1
результате все	1
самоосознание европейского	1
этим появляются	1
нам яснее	1
на собственных	1
чтобы подслушивать	1
время получило	1
празднике они	1
сложный и	1
тем чем	1
по своей	1
героев греческого	1
юный легкомысленный	1
свое реалистически	1
же оно	1
другие фигуры	1
прямо магический	1
роман барокко	1
спешим оговориться	1
городами сооружениями	1
гетевская природа	1
это изображение	1
по разным	1
встретились разошлись	1
и характер	1
назовем хотя	1
абсолютной бесследностью	1
и возникла	1
хронотопа его	1
коловратности судьбы	1
откуда пришел	1
уже одно	1
использовал и	1
как высшая	1
между биографической	1
человеческое движение	1
чемказнь совершилась	1
масштабов для	1
момент является	1
полна что	1
абстрактная пространственная	1
должны будем	1
идея развития	1
романа обладают	1
он дает	1
специфический генеалогический	1
преследования разгневанным	1
власти эрота	1
должны были	1
бежать все	1
родной природы	1
быть вовне	1
самоубийству и	1
типа представлены	1
вневременным зиянием	1
и единством	1
природу самый	1
связям этим	1
существенное значение	1
спасение клитофонта	1
т.п располагаются	1
роз необходимых	1
конденсирует всю	1
через познание	1
авантюрного европейского	1
у огородника	1
и дни	1
очутиться в	1
таком времени	1
подлежит конечно	1
это произведение	1
это носит	1
пространственное человеческое	1
и позволяет	1
связан и	1
и подслушивающие	1
отчетливо противопоставляется	1
осла утешался	1
момент кризиса	1
все авантюры	1
разработанных биографических	1
свою очередь	1
эквивалентом до	1
терминологией могли	1
герои комического	1
алтарей милостивых	1
форм в	1
места пространственное	1
роман полон	1
романов существенное	1
клитофонта по	1
немота и	1
что судил	1
себе все	1
проявления необходимости	1
ряд ведь	1
не прямолинейного	1
и внутренних	1
следовательно три	1
может иметь	1
разновидностей европейского	1
где идее	1
и том	1
авантюрных романах	1
выбрасывает на	1
реальной длительности	1
только интимно-камерному	1
к вынужденному	1
можно раскрыть	1
несвязанность их	1
мифологического и	1
бы публично-государственному	1
обладает и	1
вещи через	1
совершенно новое	1
и тонкие	1
преимущества этого	1
своих заработках	1
данном случае	1
организационных идей	1
правда совершенно	1
осталось метаморфоза	1
торжественном празднике	1
сюжетным и	1
наблюдали в	1
на землю	1
александрийской поэзии	1
раскрывается не	1
традиционная буря	1
в фольклоре	1
метаморфоза носит	1
исторической инверсии	1
необходимый обязательный	1
как поворот	1
два существенных	1
неизвестно таинственно(не	1
родным народом	1
не подчеркивается	1
единство теогонического	1
совершенно неизбежными	1
личины не	1
в совершенно	1
не обнял	1
образ праведника	1
ее матерью	1
тот факт	1
страны в	1
есть примет	1
эпохи она	1
абстрактнейший хронотоп	1
качестве второстепенной	1
и первую	1
случайных разновременностей	1
второй природы	1
а скачкообразного	1
и решающее	1
и человеческих	1
является сюжетом	1
обновленный в	1
благодарностью так	1
время организовано	1
приготовленное отцом	1
неожиданными друзьями	1
пространства препятствующие	1
например с	1
разнообразен но	1
хронотопа дается	1
невероятнейшее количество	1
вечный третий	1
этими положительными	1
неопределенное время	1
в отдаленное	1
свои закономерности	1
нравы и	1
которые определялись	1
греха этой	1
ряд лишенный	1
это случается	1
разных типов	1
значении появилось	1
не столь	1
ни даже	1
пределах отдельной	1
полны греческие	1
той или	1
роман по	1
специальный смысл	1
мир частной	1
даются два	1
неадекватные и	1
спасение нападение	1
считаясь с	1
всем и	1
целых сфер	1
романа безусловно	1
роман сыск	1
шестая седьмая	1
дан как	1
котором совершается	1
повторяющимися моментами	1
включен в	1
творческого момента	1
так люций	1
как его	1
где началось	1
раскрывает себя	1
самом начале	1
и тождества	1
бегство и	1
моменты носят	1
мы перенесем	1
по теогонии	1
дневник исповедь	1
соглядатаи шарлатаны	1
скотта определив	1
овнешнено как	1
присматриваясь внимательно	1
эйнштейна для	1
своеобразное художественное	1
моменты в	1
той его	1
образом различные	1
моменты сюжетного	1
лишь ничтожное	1
широкий характер	1
время этой	1
барокко мы	1
все в	1
природы видел	1
самом мире	1
в человеческом	1
это человеческое	1
моменты хотя	1
идея испытания	1
романа появляется	1
процессе разрешения	1
на отдельные	1
роман разные	1
хоть какое-нибудь	1
левкиппе и	1
на те	1
тренос форма	1
виду что	1
определенные идеалы	1
брак и	1
вовне но	1
своем шатре	1
перемена платья	1
самокритический скепсис	1
без ряда	1
время живет	1
разных жанрах	1
на невинность	1
реальное время	1
изображенные апулеем	1
инициатива эта	1
втором плане	1
метаморфозой единичных	1
площадь это	1
очистительному страданию	1
процессе рождения	1
было представлено	1
гомера очень	1
в риторических	1
сила иногда	1
случайных вдруг	1
времени ничего	1
которым стал	1
перед смертью	1
буря кораблекрушение,чудесное	1
присутствием свободно	1
героям принадлежит	1
содержанием это	1
поражает как	1
миссии в	1
опубликования приватной	1
как люций	1
никакой миссии	1
ясному небу	1
тождества особенно	1
известной степени	1
области где	1
грубые магические	1
мифологической идеи	1
рядов можно	1
свой порядок	1
там сны	1
романного единства	1
остающихся внешних	1
весьма подробно	1
софистический роман	1
у всех	1
этих типов	1
были оказывается	1
самый момент	1
значение исключительно	1
флендерс и	1
приключений героев	1
метаморфоза приобретает	1
и научные	1
моментами пробуждением	1
анализе греческого	1
разновременностью с	1
бытовым поэтому	1
словаря вследствие	1
люций внутренне	1
и смерти	1
гесиода из	1
семьи и	1
слушающего эту	1
особенности его	1
знакомой стране	1
других для	1
пути восхождения	1
дом отца	1
случая неизменным	1
косвенно и	1
по рождению	1
литературу в	1
закулисные действия	1
хронотопа ix	1
поэтическое целое	1
создано уже	1
них нет	1
движение жернова	1
судебно-уголовных категорий	1
все стороны	1
со случаем	1
веках так	1
самому и	1
богом приапом	1
напряженной жизнью	1
герои гомера	1
риторические вовсе	1
этих времен	1
фольклора всегда	1
технический и	1
единство это	1
и резко	1
даются иногда	1
не физическое	1
бытовая сковала	1
опыт изучения	1
дороги выбор	1
механику подсматривать	1
отличный от	1
публичного отчета	1
это вечный	1
совершенно необычные	1
апулея метаморфоза	1
инициатива же	1
охвату мы	1
для временя	1
моменте испытаниягероев	1
капитан сингльтон	1
различных произведениях	1
в условном	1
диалоге герои	1
аскезе борьбе	1
ограниченных дней	1
дом нападают	1
получужим природно-идиллическое	1
дыбе палачи	1
пространственного определения	1
мира для	1
второстепенной фигуры	1
и нельзя	1
характер он	1
время перпендикулярны	1
что еще	1
нам по	1
периоды романных	1
на мифологической	1
момента именно	1
трагедии мотив	1
первым звеном	1
искупления то	1
герои находят	1
свое абсолютное	1
способна объединить	1
носит иной	1
героя люция	1
казнь клитофонта	1
фольклорными мотивами	1
этой сложной	1
на данной	1
большое значение	1
путях ее	1
водящиеся в	1
ведь основным	1
как очищающая	1
время находились	1
возмездие очищение	1
место по	1
подлежащих опубликованию	1
бы брак	1
ее форме	1
видим в	1
каждая метаморфоза	1
внешний реальный	1
на изолированные	1
собою древнюю	1
сюжета от	1
положительно но	1
моментов явлений	1
дороги единство	1
хромой бес	1
точках где	1
пределах отведенного	1
дальнейшем в	1
где раскрывается	1
судьбу то	1
апулеем определяют	1
особенно живучей	1
выдержанностью и	1
и разрывов	1
освещение и	1
некоторой более	1
и сам	1
дом к	1
здесь даже	1
все прочие	1
таинственно(не всегда	1
характерах не	1
сочетается в	1
наказание очищающее	1
романов абстрактно-чужой	1
освещается в	1
постановки созерцающего	1
смысле плутарх	1
остаются неизменными	1
положение упоминает	1
выступает на	1
ее удовлетворением	1
положения но	1
является основою	1
романов чужой	1
обычно предполагают	1
клито-фонт ч	1
картин нравов	1
не связанными	1
только технично	1
время никаких	1
определили развитие	1
случаю ее	1
обладает своеобразной	1
как вдруг	1
человек эта	1
и герои	1
романе организационное	1
определения в	1
между прочим	1
игру рассказывает	1
бы причастен	1
мифологического первофеномена	1
ее поэтому	1
первоначальные формы	1
чрезвычайно распространены	1
него всегда	1
казни и	1
процесса природы	1
то зияние	1
определяющая все	1
от всего	1
на греческую	1
вне этих	1
потенций становления	1
нет никакой	1
историко-литературный процесс	1
его разносятся	1
расположился один	1
исторический роман	1
стадии характерны	1
снова теряют	1
влияние фольклора	1
выбора инициативных	1
романа который	1
судьбы богов	1
мартина бубера	1
события ретардирующие	1
большие пространства	1
мира им	1
условиях изображения	1
на вторых	1
исключение ребекка	1
реалистической силе	1
готовился совершить	1
видящего ее	1
татий устами	1
благополучным соединением	1
два произведения	1
совершенно оторвано	1
условностью литературного	1
в мужской	1
только к	1
неизменность молот	1
реальный временной	1
об его	1
эта исключительная	1
эта изолированность	1
стал причастен	1
любовь неожиданно	1
коробочку и	1
в кризисном	1
с войны	1
тип изображения	1
хронотопичен но	1
свадьбы несогласие	1
абсолютно неизменной	1
опубликовывается своя	1
харитона эфесская	1
формы приватного	1
меняет всю	1
необходимо учесть	1
словесными гражданско-политическими	1
же человеческого	1
не чисто	1
жертвенное мясо	1
случайную разновременность	1
ее специфической	1
авантюры оказались	1
оно оставляет	1
формы внешний	1
общественно-политического события	1
ним но	1
немое мышление	1
строится на	1
одновременности или	1
разные страны	1
хронотоп жизненный	1
совершилась похищения	1
человека делает	1
своему существу	1
бы известное	1
такой анализ	1
родом даже	1
индивидуального человека	1
какая-то минимальная	1
вернемся в	1
затерянный в	1
на опасную	1
и овнешненности	1
лишь там	1
определяется одинаковость	1
встречи особенно	1
уже зрячая	1
изолированность существенные	1
с глубинами	1
реальная родина	1
как другие	1
пир федр	1
окружен со	1
тем более	1
в египте	1
и чужого	1
разнообразии сказочного	1
тоже совершенно	1
разнообразнейшими формами	1
любви своих	1
пространства случайная	1
особенностей испытания	1
героя легкомысленный	1
и развели	1
дороги а	1
нужны разные	1
притом все	1
очень важны	1
роман vi	1
пути здесь	1
речи человеческих	1
различные мотивы	1
апологию и	1
реального жизненного	1
присущ и	1
работа в	1
исторической локализации	1
человеческих страстях	1
наживы мелкие	1
значение мы	1
принесение героини	1
некоторые определенные	1
моментах и	1
быта у	1
гаданий ауспиций	1
романе передается	1
его корреспондирует	1
друзья конечно	1
предчувствий всем	1
по исторической	1
этом мышление	1
опасности но	1
дни ни	1
случаем и	1
от испытания	1
собой организационный	1
и всего	1
злодеев с	1
в эту	1
сторон реальности	1
входит как	1
возникает между	1
играющий с	1
времени второго	1
пассивным и	1
его прямой	1
также служит	1
и холодным	1
гадания предсказания	1
страстях о	1
стране городе	1
притом без	1
переодевание перемена	1
кир скюдери	1
какую-то существенность	1
особой постановки	1
вопросам хронотопов	1
все без	1
влюбленных герои	1
не сливается	1
образ того	1
не изображается	1
гуманистов это	1
или другой	1
определяют как	1
и насквозь	1
началом для	1
ряда ограничивается	1
аналогичный ряд	1
хроноса сменяется	1
страданиями и	1
как хотели	1
где становятся	1
мотивы и	1
построения семьи	1
типа на	1
жизни встречи	1
играли существенную	1
более приапична	1
ряд с	1
были связаны	1
на эпическую	1
начинают они	1
дням так	1
своего происхождения	1
трагедии еще	1
характерно здесь	1
или чужой	1
это дурная	1
себя маску	1
наблюдателя частной	1
широты и	1
счету дни	1
за левкиппу	1
жиль блаза	1
войны битвы	1
стихии в	1
вошел в	1
самая смена	1
той громадной	1
хронотопичности мы	1
всегда живет	1
смена образов	1
несокрушимое могущество	1
собою осла	1
кандиде создавал	1
роли но	1
определяются неоспоримые	1
притом не	1
пастушеский идиллический	1
человек иного	1
его все	1
трудно найти	1
меня вместо	1
сфера бытия	1
говорили и	1
силе показа	1
не дробит	1
совершались раскрытие	1
точками и	1
же материала	1
и характеризуется	1
внутренний хронотоп	1
его скитания	1
прочным бытовым	1
уже знаем	1
становятся уголовными	1
в зримой	1
ряд управляется	1
автобиографий первый	1
чертами его	1
оказалась именно	1
занявших определенного	1
бы и	1
и композиционного	1
и реального	1
игравшим огромную	1
реформатора ницшеанца	1
бегства пленения	1
и первоначальные	1
сам стал	1
в большинстве	1
в элементарно	1
лесажа в	1
магическим превращения	1
метаморфозу совершенно	1
успеть убежать	1
наказания искупления	1
географическом и	1
роман писать	1
не уничтожено	1
принадлежит вся	1
форма совокупность	1
другие мотивы	1
путем странствований	1
чрезвычайно выгодно	1
подслушать вот	1
географическая экономическая	1
обнимающего и	1
его к	1
вина психеи	1
апулея некоторые	1
изменено не	1
этого шествия	1
ряда по	1
такие поздние	1
стен для	1
дни благодаря	1
любовь героя	1
его можно	1
лежит энкомион	1
превращение и	1
смерть с	1
был была	1
плута шута	1
действия его	1
превращения содержится	1
смежные момента	1
же приключения	1
физическое тело	1
на одном	1
показа всех	1
уже готового	1
кораблекрушение,чудесное спасение	1
подвергается преследованию	1
хотя я	1
только наблюдает	1
от фольклора	1
и я	1
иногда довольно	1
довольно обширные	1
длительности прибавок	1
особенности постановка	1
всенародному отчету	1
фольклоре никогда	1
и существенного	1
путь развития	1
встречи является	1
и расположения	1
оказалось как	1
авантюры время	1
как совершенно	1
чем-то чуждым	1
для наших	1
ведь в	1
сохраняющихся примет	1
упоминает о	1
здесь наконец	1
события в	1
не греческий	1
отдельных моментах-эпизодах	1
до него	1
гомера где	1
события романа	1
биографический временной	1
которые считались	1
слияние пространственных	1
же все	1
превращения остается	1
использованы и	1
разделенных морями	1
отрезки бытовых	1
времени сюжета	1
которой ограничена	1
с ней	1
содержанием создаются	1
даже любовь	1
что действия	1
этим в	1
себя к	1
права там	1
изображения под	1
мотиве не	1
романом поэтому	1
бытовые личины	1
дней ничего	1
греческая философия	1
жизни тем	1
стало заполнять	1
было возможно	1
отвязать причалы	1
ряда новых	1
на литературу	1
под свое	1
верности и	1
нового сплошного	1
нами расположился	1
что официальное	1
дефо их	1
и пространстве	1
в необратимый	1
ряда здесь	1
выше обычно	1
защитительной речи	1
публично вполне	1
временного целого	1
собою на	1
выбор жизненного	1
тебя отличает	1
не подлежащих	1
ближе к	1
встречаем ее	1
учесть что	1
времени греческих	1
подслушивать секреты	1
ибо не	1
есть руководство	1
возрастные этапы	1
поэтому основной	1
дошедших до	1
завершается сатирикон	1
или образов	1
органичен так	1
античной классической	1
значительную роль	1
европейской биографии	1
тайников бытовой	1
от создания	1
некоторые характерные	1
к месту	1
доме не	1
женится на	1
артиста племянник	1
и жулика	1
исключительно целомудренны	1
значение см	1
или самоотчета	1
и аристофана	1
сюжета встреча	1
существовало вовне	1
распался некое	1
для охвата	1
циклическое время	1
обличения греховной	1
самый бытовой	1
определяются существенные	1
эта проблема	1
положительном смысле	1
оставляет глубокий	1
метафору почти	1
образцы имеющиеся	1
космоса из	1
и начиналась	1
кальпренеда создается	1
но кроме	1
уши и	1
свидетельских показаний	1
похищения разработаны	1
в ряду	1
расходились на	1
тебя худшими	1
из родного	1
всего на	1
существу между	1
блаженство далее	1
имеют никаких	1
уже становится	1
xvii век	1
былой широты	1
тяготеет к	1
очень подробные	1
есть дальнейшим	1
у стендаля	1
были глубоко	1
жизни дается	1
с возвращением	1
с охарактеризованным	1
и со	1
рыцари без	1
простому подтверждению	1
воины поймали	1
в левкиппе	1
всего выявляются	1
закономерность в	1
основной временной	1
главе успела	1
рядах разной	1
применял внешние	1
жизни господ	1
самораскрытия которые	1
он встречает	1
авантюры но	1
сторон частной	1
обзоре ни	1
значение такие	1
уяснена трактовка	1
и золотой	1
зрения позже	1
жанровые формы	1
рассказ старой	1
единственно случаем	1
наконец важность	1
наука которая	1
положений ярко	1
искупление совершенно	1
умершим а	1
чистого типа	1
своей социальной	1
моментам его	1
самосознание было	1
преминул рассчитать	1
друзья его	1
случая есть	1
мир притом	1
вскрыть путем	1
ошибке за	1
проблемы но	1
вещи созданные	1
указанном значении	1
вовсе оставляем	1
него это	1
который назовем	1
них не	1
звездного неба	1
жизни очень	1
герой в	1
героини не	1
события получают	1
злодеи и	1
или следование	1
точками зрения	1
дел героев	1
существенную оговорку	1
к отрицательным	1
самопрославление чисто	1
поэтому специфические	1
очень остроумные	1
в эпосе	1
протекать чтобы	1
вавилоне могло	1
парвеню впервые	1
и авантюриста	1
она разработала	1
тождества остановимся	1
и быт	1
точках разрыва	1
в жертву	1
обычную романную	1
сила неустрашимость	1
будущую встречу	1
клочок природного	1
то они	1
мотивов превращения	1
с нами	1
звено авантюрного	1
бы перпендикулярно	1
формы христианского	1
распадается это	1
жизни эти	1
миф о	1
преступлений различные	1
и наконец	1
мир этих	1
и политического	1
пышет яростью	1
их внешнего	1
парвеню является	1
неизменным поэтому	1
типа всегда	1
грани образа	1
к смертной	1
не связанных	1
романе снимает	1
существенных отклонений	1
жанру все	1
для возлюбленных	1
лишь ценой	1
параллельным смысловым	1
судьбы человека	1
разновременность подстерегают	1
защищаются сражаются	1
разработанным островным	1
ксенофонта эфесского	1
испытания этого	1
вообще никаких	1
совершенно пассивен	1
других сферах	1
сказках как	1
типа авантюристом	1
бытовая жизнь	1
обогащается определенным	1
в отрицательном	1
из типов	1
апулея наконец	1
отдельные явления	1
действует лишь	1
служит народно-мифологическое	1
человека не	1
этому соответствовало	1
классических жанров	1
предполагает какого-то	1
только проявляясь	1
жак-фаталист дидро	1
морями греция	1
наш анализ	1
застает клитофонта	1
его характеру	1
характерны метаморфозы	1
подтверждению его	1
в которой	1
развитием освоения	1
инициатива следовательно	1
свежие и	1
курьезов диковинок	1
отчетливо раскрывается	1
но усложнились	1
старую безобразную	1
общим вопросам	1
утратил единство	1
неба нет	1
существенный организующий	1
жизнь вся	1
не возникает	1
с тождеством	1
материала это	1
поцелуй и	1
под прикрытием	1
на торжественной	1
было чисто	1
французском романе	1
форм превращения	1
при первой	1
типу греческого	1
фракийцами и	1
приключений наконец	1
секреты и	1
литературы но	1
и разновременностей	1
но позиция	1
порядку и	1
и литературных	1
феокрит вергилий	1
этот хронотоп	1
время на	1
будут носить	1
античную автобиографию	1
предчувствия и	1
и существуют	1
даже такие	1
когда они	1
этого жанра	1
причем существенная	1
меч чтобы	1
математический характер	1
ранга встречаемого	1
до превращения	1
людей они	1
желанной или	1
ведь авантюрное	1
определяются случаем	1
смысле этого	1
выражение той	1
любовь любовная	1
удовлетворение идет	1
основу кладется	1
проч поэтому	1
накануне свадьбы	1
сферах культуры	1
романов таким	1
как во	1
более непосредственная	1
особенно четкой	1
корреспондирует абстрактному	1
локализации авантюрного	1
гавани мы	1
другу внезапной	1
быть полководец	1
категорию литературы	1
описывается крокодил	1
к сокровищнице	1
его случайной	1
метаморфозы природы	1
прерывно осваивали	1
автобиографических античность	1
свое существование	1
авантюр осмысливается	1
бытовых эпизодов	1
затем коснемся	1
вариаций вот	1
внешнего выражения	1
жанрах и	1
рабле относительная	1
присущих этим	1
детства до	1
допустимости прославления	1
картину чужого	1
не знала	1
отчасти и	1
и технической	1
неизменной на	1
элевсинской традиции	1
построенных романов	1
два момента	1
пекаря но	1
где господствует	1
испытания распространен	1
синоним счастливого	1
бы его	1
для бегства	1
кандид и	1
этой жизни	1
обширный материал	1
значение лишь	1
похищенного в	1
свет сиянья	1
второстепенный ритор	1
отступление от	1
строился в	1
давно усвоен	1
и абсолютно	1
войне в	1
ее проявление	1
xxiii она	1
по страстности	1
идеалы человека	1
него совершенно	1
изложения но	1
роль играют	1
как чистые	1
как благодаря	1
процесса исторического	1
ее тайные	1
претерпевает он	1
на некоторые	1
горестном превращении	1
устойчивость выработанных	1
полководец перечисление	1
услыхал то	1
метафоры жизненного	1
сторон чужим	1
с любовью	1
для романного	1
литература приватной	1
элементов этого	1
историчность но	1
такого человека	1
процессы в	1
приамом рыдает	1
о строгом	1
человечески существенным	1
нового типа	1
ошибки(в христианском	1
карамазовы с	1
спасла люция	1
руках инициативу	1
специфическим и	1
необратимое целое	1
были конкретно	1
или ее	1
чужим странам	1
способы использования	1
конкретный характер	1
временное определение	1
внутренние и	1
этим романом	1
случайности и	1
любовью героев	1
чувства времени	1
быть занимательным	1
выделен и	1
романа отнюдь	1
тесно переплетается	1
обязательный участник	1
другим так	1
процесс также	1
существенное отношение	1
вошла в	1
действие в	1
сводней напомню	1
ни был	1
замечательнейший рассказ	1
каждый момент	1
поэтому ничто	1
игра судьбы	1
вне биографического	1
раритетами и	1
в литературно-художественном	1
касается само	1
человека бегут	1
изображение своей	1
европейском романе	1
остро эта	1
их комбинации	1
о судьбе	1
и клито-фонт	1
ранняя платоновская	1
внешне ярких	1
знаком прибытия	1
рассеян и	1
же ночь	1
рассказываются удивительные	1
исторический временной	1
в понимании	1
идеи человека	1
и ориентация	1
себя утратил	1
свое орудие	1
узнания неузнания	1
которого они	1
самом образе	1
также далеко	1
конкретное и	1
и существовало	1
времени резко	1
ницшеанца аморалиста	1
объединение всего	1
ограничена авантюры	1
народном фольклоре	1
усвоен литературоведами	1
же брачном	1
так резко	1
характер однако	1
у героя	1
со строгими	1
существенно хронотопичен	1
есть одно	1
заработках как	1
приносит предварительные	1
и прерывно	1
самый генезис	1
их первая	1
тождества переходят	1
осла апулея	1
разнообразие совершенно	1
серебряном медном	1
и путь	1
какого-то особого	1
метаморфоза довлеет	1
пленение и	1
огромно редкое	1
зрения масштабы	1
попадают на	1
они бегут	1
социально-политическим строем	1
не занявших	1
секретно-личного повернутого	1
понимание метаморфозы	1
логика случая	1
дому чтобы	1
этому основному	1
биографических и	1
как с	1
затем в	1
ряда роман	1
драгоценная крупица	1
из хаоса	1
и выносит	1
и паразиты	1
постоянно имеет	1
различных типов	1
мир географического	1
но герои	1
воспринимаются как	1
апулея является	1
глубоко проникнут	1
люция-осла как	1
легкостью протекают	1
определяется только	1
домов и	1
людей я	1
времени нужна	1
ясно выступают	1
разносоставным в	1
ряда ряд	1
и элементарно-биологической	1
мотивами в	1
его инициатива	1
четкий формальный	1
определяются особенности	1
и внезапная	1
наше внимание	1
продукт выдерживает	1
человека возмездие	1
и пышет	1
сам виноват.своим	1
случаю поэтому	1
обретение поиски	1
палачи принесли	1
деле служанка	1
мистерийно очищенный	1
ценой крайней	1
дополнительные способы	1
телесное и	1
века мы	1
развития лежат	1
обозначении типа	1
все телесное	1
тем время	1
места и	1
внезапная любовь	1
по единству	1
возникло противоречие	1
социально-политические бытовые	1
указывает ему	1
который он	1
с рабле	1
его носа	1
так глубоко	1
отношении характерна	1
парвеню определяет	1
об исторической	1
движения первая	1
раскрытие и	1
уже высока	1
конца остаются	1
схемы отсюда	1
как романные	1
ее лежит	1
нам повезло	1
образ самого	1
например действие	1
тот момент	1
сыгравший громадную	1
связанными между	1
описываются лишь	1
бытовом омуте	1
встать возникло	1
же хронотоп	1
действия героев	1
были принесены	1
ни единого	1
чисто приватным	1
вопрос в	1
раскрывается и	1
функции этой	1
новое значение	1
часами человеческой	1
звучащей или	1
благородство мужество	1
сатирах а	1
автобиография исократа	1
обнаженности разыгрывающего	1
молль флендерс	1
основе этого	1
изображает только	1
где бы	1
созерцанию идей	1
стесняется и	1
локального хронотоп	1
воле богов	1
мифологическую сцену	1
речи действующих	1
несколько внешне-формальный	1
странами городами	1
мир все	1
значение сами	1
ограниченность разрушена	1
и раскрыть	1
а вовсе	1
от нормального	1
исповедь мы	1
авантюриста сводни	1
самого себя	1
почве идея	1
так что	1
причинах этой	1
подглядеть и	1
анализа второго	1
пытке меня	1
терпят крушение	1
людях никаких	1
левкиппа принесена	1
чистое зияние	1
романы едва	1
совсем нам	1
анализ авантюрного	1
своя последовательная	1
еще коснуться	1
в отношении	1
преимуществу его	1
его чтобы	1
сомкнулись тот	1
эти временные	1
характер поэтому	1
античного героя	1
того подразумеваемого	1
своем кандиде	1
беседу человека	1
раскрывался и	1
теогонический ряд	1
пределами романа	1
продукта и	1
сходство и	1
быт народа	1
сферах общественной	1
я увидел	1
как их	1
фольклор конечно	1
является вневременным	1
живой человек	1
внешний и	1
царств и	1
строгом соответствии	1
временем основные	1
героев окрепла	1
античного образа	1
уменьшается но	1
внутренне никогда	1
подслушивающие весь	1
положительными моментами	1
противоречие между	1
нравов и	1
греческой природы	1
значение они	1
этот смысл	1
явлений судьба	1
тех кто	1
своих друзей	1
вставной новелле	1
злодеев специфическая	1
эфесского дафнис	1
пришел и	1
простоту приметы	1
основных сюжетных	1
это именно	1
для его	1
что комар	1
существенные элементы	1
которую наблюдает	1
к первой	1
чужды они	1
основные моменты	1
рыдают ахилл	1
в уголовном	1
того на	1
весьма многообразно	1
таков люций	1
изменения здесь	1
его испытание	1
амадиса и	1
проникли вовнутрь	1
процессия с	1
событие всецело	1
они могли	1
народных сказках	1
философские идеи	1
действие развертывается	1
публичному всенародному	1
условный характер	1
создала адекватной	1
не побуждали	1
целевого ряда	1
зрителя судью	1
или сценку	1
существенных автобиографических	1
в эпоху	1
ее анализ	1
события их	1
и секунды	1
носит и	1
в повседневном	1
получают значение	1
авантюрным романом	1
вместе со	1
призывать богов	1
и также	1
разной степени	1
скитаний одиссея	1
многообразно многоразличнейшим	1
принципиально по	1
вторых ролях	1
неожиданными врагами	1
дороги в	1
магические формы	1
обнял их	1
проблему изображения	1
о слезах	1
другая невеста	1
вещи так	1
приватную жизнь	1
назначает ее	1
разлука бегство	1
бытия он	1
и миром	1
основной комплекс	1
разлука столкновение	1
скажем короче	1
о случайности	1
моментами прохождение	1
покажем в	1
форм проявления	1
испытание часто	1
данному положению	1
но сами	1
случаем а	1
отдельных более	1
дальнейшем роман	1
наука почти	1
другие герои	1
непохожие на	1
приключений мотив	1
отцом другая	1
различных непохожих	1
форме это	1
особенностей стран	1
высшая форма	1
как свое	1
девушка брачного	1
не маячит	1
невежество через	1
нашим внешним	1
эр разных	1
отличиями от	1
неузнанному но	1
специфической формы	1
существовать и	1
композиционные которые	1
уничтожено не	1
вещих снов	1
характер от	1
и подчиненная	1
собою строго	1
не простая	1
жизнь нашей	1
стало абстрактным	1
искупление очищение	1
содержание романа	1
времени на	1
пройдя через	1
знающий своего	1
что вопли	1
передается случаю,управляющему	1
раскрывались в	1
такова в	1
героя поэтому	1
сыска и	1
литературно-художественном хронотопе	1
условиях специфического	1
быт располагается	1
абстрактного пространства	1
три романных	1
достаточно назвать	1
хронотоп мир	1
составляющие элементы	1
новые качества	1
отцом жертвенное	1
расположены как	1
анализа этих	1
в биографическом	1
в подходе	1
они изолированы	1
ищущих успеха	1
быть участником	1
особо выделен	1
устами своего	1
схеме имеется	1
своеобразная проникающая	1
же исключительно	1
частности автобиографических	1
романа получают	1
в бытовой	1
и примет	1
событий нормального	1
же месте	1
есть привилегированные	1
инициативы он	1
необходимо связанные	1
жанра в	1
когда особо	1
барокко xvii	1
сочетания пространственных	1
самого разрешался	1
и свадьбу	1
ты спокойной	1
весь народ	1
его служит	1
дается с	1
возникает проблемы	1
мясо это	1
в преисподнюю	1
характер курьезов	1
более общий	1
богов демонов	1
бесследное время	1
романах мы	1
некоторые риторы	1
переходя к	1
сами по	1
возможно существенно	1
жанров эпических	1
диким зверям	1
основе разработанных	1
хронотоп настолько	1
и перед	1
же риторической	1
вопроса говорит	1
перечисленных нами	1
своей закрыта	1
существенной и	1
сводня она	1
соединенных кризисами	1
дошедший до	1
преодолев все	1
земледельческих работ	1
в поздних	1
пикле смоллетта	1
эта форма	1
предвидения опыта	1
или великий	1
моменты образа	1
имеет большое	1
замечания процесс	1
отрезков соответствующих	1
моменты бесконечного	1
основы раблезианского	1
никаких сколько-нибудь	1
и обратно	1
барокко организационное	1
основу нашего	1
объединенные в	1
обойтись аналогичное	1
клитофонт но	1
лонга к	1
своей структуре	1
сюжетные так	1
постановка осла	1
и минуты	1
всегда есть	1
которой и	1
что люди	1
вдруг на	1
интенсифицируется втягивается	1
неизменным с	1
эти проблемы	1
совершенно чужды	1
петрония правда	1
ограничена собственной	1
даже лирических	1
зиянию которое	1
обычно на	1
классическая публичная	1
бытие для	1
и франсион	1
та сугубо	1
слово приобретает	1
такие события	1
и обновленный	1
когда я	1
уголовный момент	1
жанрах бытовой	1
человек становится	1
брак между	1
бес у	1
тип автобиографического	1
натуралистичности этого	1
похищения предполагают	1
гиппопотам случилось	1
которое могло	1
после встречи	1
метаморфоза и	1
пришло и	1
раблезианского хронотопа	1
тождества принадлежит	1
к созерцанию	1
нами явлениях	1
море но	1
не определяется	1
из древнейших	1
туснельда лоэнштейна	1
бы толчок	1
содержания начался	1
наше внутреннее	1
его последующей	1
был сплошь	1
далекое конечно	1
жизни события	1
героев сами	1
артемиды увенчанный	1
воздерживаться от	1
испытывается их	1
судью оценивающего	1
ряд этого	1
сюда в	1
временная мнимая	1
формы свидетельских	1
чревато ими	1
случайно ушел	1
резко отличается	1
они вступили	1
века поэтому	1
возмужали бы	1
конкретные оттенки	1
родина дающая	1
специальным вопросом	1
п кроме	1
преступления отчасти	1
на этой	1
одну весьма	1
называемый роман	1
от дороги	1
зияние которое	1
гражданина производилась	1
измерения всех	1
сюжетное действие	1
именно композиционно-организующая	1
виду площадь	1
и теккерей	1
время жизни	1
мотивами как	1
но известный	1
мы нашли	1
сводную типическую	1
связей с	1
чужой весь	1
испытания героя	1
наполнение этих	1
идея обогащается	1
литературе протекало	1
наших очерков	1
зримым и	1
на неизменность	1
разными степенями	1
эти часы	1
в одноименном	1
эллинистической и	1
присущая греческому	1
или только	1
сочетание авантюрного	1
живыми я	1
образом в	1
нами моменты	1
было создано	1
романа наконец	1
как жизнь	1
влияниям отражениям	1
звездным небом	1
целостность которые	1
мы определили	1
i-ii веках	1
чрезвычайно несдержанным	1
замкнутость и	1
моменты быта	1
стремится к	1
указывали на	1
кораблекрушения все	1
особенностей момента	1
его использования	1
судебно-риторический характер	1
реальным жизненным	1
временем? для	1
канона и	1
холодным пустыней	1
наконец могут	1
ее биографическим	1
положение осла	1
черту и	1
человека последующих	1
это приватное	1
xvii друзья	1
известное значение	1
пространственных отношений	1
особенно поражает	1
изида выступает	1
ни обеднено	1
выжидают обрушиваются	1
ведь древнейшее	1
чисто приватные	1
догнать опередить	1
человека предшествующих	1
страна героев	1
овнешнения человека	1
войны похищения	1
здесь существенное	1
жизни более	1
жизнь мотивов	1
с честью	1
обратимых переставимых	1
сфер и	1
ко второму	1
чисто метафорическое	1
от деторождения	1
художественный жанр	1
типом античного	1
существу здесь	1
в рабство	1
брак но	1
перемене пространственного	1
считались погибшими	1
характеризуется технической	1
более далеко	1
приобрели новый	1
вспыхнувшей при	1
из организационных	1
поэтому необходимо	1
осле и	1
условиях этого	1
мир греческих	1
притом в	1
будь некоторой	1
психеи осмыслены	1
или разновременностью	1
в отрывках	1
контролю и	1
смешанные значительно	1
применительно к	1
романах описывается	1
не развертывается	1
всех других	1
литературе реального	1
освоение реального	1
сменил собою	1
разобранною нами	1
он необходимый	1
люция эта	1
кн ii	1
может получить	1
приобретает известное	1
глаза сочетание	1
государства до	1
предъявляемых к	1
насыщается более	1
элементарно четкий	1
развертывается все	1
и автобиографии	1
и властью	1
встреча в	1
и три	1
и дадим	1
путешествием по	1
но эти	1
впервые появляются	1
гармонически сочетается	1
изоляцию героя	1
говорит ахилл	1
все последующее	1
не следует	1
здесь отчетливо	1
одноименном романе	1
плутарх подбирает	1
не изменено	1
единичных изолированных	1
пейзажем это	1
платона отнюдь	1
люция-осла они	1
в античном	1
примет характеризуется	1
его образ	1
авантюрист в	1
творческая и	1
секреты измены	1
например этого	1
странствованиями здесь	1
переплетаются между	1
отличия апулеевского	1
них здесь	1
отдельных романов	1
и композиционным	1
стольких несчастий	1
и читателей	1
явлений и	1
шествия в	1
формалистические публично-государственные	1
и внешнее	1
разработаны по	1
где простой	1
этого чужого	1
форма жизненной	1
сюжета метаморфоза	1
бы всеобъемлющем	1
романом испытания	1
силе именно	1
хронотопами любовные	1
разрешения этой	1
шелера особенно	1
с гомера	1
жанрами в	1
пути на	1
порядок и	1
ввел и	1
придется возвращаться	1
важном мотиве	1
положений с	1
цепи она	1
иногда вторгается	1
хронология греческих	1
разнообразном географическом	1
только подглядеть	1
деятельности у	1
обратно переместимы	1
первой автобиографии	1
эпох и	1
которая меня	1
не знают	1
люция опытом	1
романе настолько	1
говорил о	1
хода жизни	1
план но	1
человека но	1
из себя	1
ограничения человек	1
для созерцателя	1
к чужой	1
не механическая	1
клитофонт решается	1
небольшой очень	1
из ряда	1
громадной роли	1
осмысливается именно	1
человека разъединенных	1
их выбрасывает	1
строится как	1
и условному	1
понятие молчаливого	1
мне то	1
принципиальную незримость	1
абсолютную власть	1
говорили все	1
следовательно принадлежит	1
почти математический	1
еще тесно	1
состав сюжета	1
похож на	1
ограничены он	1
существенных временных	1
наконец основной	1
продуктивное и	1
произведениях например	1
мнимых смертей	1
короче три	1
были встать	1
и праздно-любопытный	1
тоска были	1
конститутивным моментом	1
знают поэтому	1
они встречались	1
выражения или	1
происходит традиционная	1
стояла в	1
и разносоставным	1
звено завершение	1
биографического таково	1
этому типу	1
типа в	1
его герои	1
лежит уже	1
которое образуется	1
люция здесь	1
перестали быть	1
повернуто хоть	1
частной человеческой	1
событий ничего	1
частной и	1
благодетели ведь	1
легко составить	1
возвращается к	1
игру случая	1
же просветители	1
построенные речи	1
застывшие вдруг	1
например такие	1
образа люция	1
ему нужны	1
ни оболочки	1
людям вполне	1
в плане	1
лапидарную силу	1
в народной	1
ей искать	1
которая является	1
государств грек	1
предчувствия конечно	1
петлю и	1
романов разных	1
превращением люция	1
решение исторических	1
также очень	1
какой-то форме	1
известно нам	1
что моменты	1
этим необходимым	1
новеллы но	1
как раннем	1
п-iv в	1
других античных	1
за рубежом	1
определенного его	1
читателей есть	1
что оно	1
особенностями гомеровского	1
соответствует преисподняя	1
господ слуга	1
вариациях встречается	1
функции в	1
что подобный	1
вопрос об	1
наконец как	1
приходят в	1
удается ускользнуть	1
плане любовных	1
пассивен в	1
случается должно	1
сил в	1
в опрометчивом	1
жулика в	1
этим неожиданно	1
периоды мы	1
не касаемся	1
романа начиная	1
место преследованиепредполагает	1
страну в	1
жить и	1
прибытия торжественного	1
глаз публичная	1
которой этот	1
организующее значение	1
принесли плети	1
затем происходит	1
хитрость при	1
можно по-разному	1
дальнейшим преследованиям	1
быть еще	1
судьбы ее	1
и разнообразие	1
рода метаморфоза	1
свой мир	1
органами высший	1
историей все	1
романе достаточно	1
большой четкостью	1
не завершается	1
рассеивает по	1
и оно	1
или эфиопика	1
его борьбе	1
значение хронотопа	1
от конкретных	1
люция так	1
основному стержневому	1
хронотоп греческих	1
эпизодов расположены	1
пропитавшее собою	1
поэтому единство	1
не попали	1
случается иной	1
и переживаемых	1
никакого следа	1
целом каково	1
жестоким путям	1
скаррона xvii	1
светит и	1
субъект действия	1
цепи случайных	1
есть место	1
их ближайших	1
своей или	1
и особый	1
почти энциклопедический	1
роман греческого	1
приватный и	1
день случайно	1
раскрылись социальные	1
се у	1
как узнавание	1
упоминается эта	1
самому принципиально-одинокого	1
некоторые вставные	1
руководящийся социально-политическими	1
смысле относятся	1
ложные обвинения	1
мотивы узнавание	1
быту всякого	1
конкретный хронотоп	1
бы психологическое	1
и подслушивание	1
судьбе губительной	1
не оставляют	1
всего это	1
носило публичныйхарактер	1
существенность ведь	1
чтобы изменить	1
того преимущество	1
проявлений той	1
с аналогичной	1
и классических	1
финикия египет	1
типах да	1
испытания психеи	1
материал начиная	1
искусстве что	1
чисто эллинская	1
общественно-политическими а	1
вещи описываемые	1
выявляются на	1
виною за	1
выражения он	1
нет например	1
отчетливое и	1
теогоническом процессе	1
как чужеродная	1
происходило в	1
день после	1
осуществиться необходимо	1
сегодняшнего дня	1
что он	1
это также	1
сохраняется варьируясь	1
на самотождественность.во	1
переставимых и	1
отдавшая его	1
человеческую жизнь	1
быту не	1
тип назовем	1
он может	1
человека бытовые	1
необычные моменты	1
но власть	1
убийства на	1
могла обойтись	1
зиянием между	1
богача бездомного	1
романе артамен	1
и замкнутый	1
занес меч	1
ней тех	1
необходимо отметить	1
бы полноту	1
жизни что	1
тюрьма предполагают	1
данного места	1
препятствия ретардирующие	1
в горестном	1
речь исократа	1
авантюрное романное	1
и душистое	1
такие же	1
зато эти	1
посылается на	1
человека объединенные	1
и автобиографической	1
приближение служит	1
романов обнаруживают	1
этих разобранных	1
человека находится	1
исключительно важное	1
с людьми	1
море нужны	1
к построению	1
отрезок жизни	1
существу можно	1
роман сложившийся	1
существуют в	1
жизни его	1
и касается	1
разумного анализа	1
отдаленности кн	1
не чистого	1
в описании	1
событие которое	1
широко использует	1
ее тайниках	1
византийцами о	1
метаморфоза земледельца	1
населения различных	1
в один	1
литература знала	1
оно нас	1
приватное содержание	1
социально-политическое существо	1
фоне обычно	1
и пальмеринов	1
огонь клиний	1
одного более	1
типа это	1
например картин	1
излияний пропитавшее	1
потребуется реального	1
и перерождениями	1
первую античную	1
держат в	1
мир на	1
фольклорные основы	1
важен не	1
скепсис и	1
сущности все	1
злодеи используют	1
романе далее	1
следовательно по	1
важности та	1
дающая точку	1
сюжетным выражением	1
по ложному	1
таинственные благодетели	1
кто посвятил	1
наиболее адекватные	1
целого он	1
но всегда	1
метаморфоз в	1
третье разветвление	1
одним временным	1
дает замечательную	1
но чуждость	1
эта степень	1
половой любви	1
ритуалах мотив	1
ум случай	1
приобрела бы	1
пространстве осуществляется	1
его развития	1
веке объем	1
и прекрасная	1
определенности и	1
другому постановка	1
эти романы	1
после стольких	1
только наиболее	1
время вмешательства	1
себя во	1
во вневременной	1
целостности человека	1
единство образа	1
изображается поэтому	1
могут они	1
метаморфоза превращение	1
и механический	1
к типу	1
характерно для	1
должно лежать	1
авантюриста которые	1
его чисто	1
существу что	1
как физические	1
тормозит обратное	1
подчинена здесь	1
дальше описывается	1
их тождество	1
чрезвычайно интенсивное	1
себя погибшим	1
и историчность	1
попадает левкиппа	1
типа романного	1
образе его	1
недавно мнения	1
эта особенность	1
видим слагается	1
найти такого	1
время это	1
раскрывает частную	1
другом обычно	1
хорошо разработаны	1
это он	1
особняком роман	1
другой член	1
котором раскрывался	1
всерьез или	1
важно перебраться	1
многом определили	1
смысле и	1
его ряду	1
же особенно	1
и художественной	1
требует конкретности	1
велик и	1
закончены но	1
но идея	1
эпоса и	1
ведет судьба	1
где впервые	1
смертной казни	1
он навлекает	1
как она	1
весь авантюрный	1
существенно исправит	1
специфическом значении	1
содержанию приватной	1
к определенным	1
прибавок к	1
и последующих	1
и раздроблен	1
очень глубоким	1
гесиод феокрит	1
ограниченные эпохи	1
тождества необходимо	1
другим никаких	1
оставляет и	1
след мифологического	1
греческого человека	1
метаморфозы сохраняет	1
мира сам	1
измеренные технически	1
в указанном	1
повторяем вневременное	1
заполнять литературу	1
на самой	1
самую гущу	1
своим родом	1
только благодаря	1
мужей и	1
историко-генетического порядка	1
моменту наказания	1
жизни время	1
себя в	1
снимает крыши	1
района не	1
им чужды	1
не быть	1
крыши с	1
греховной жизни	1
молодого возраста	1
вот тебя	1
удивительный хронотоп	1
неизменным свое	1
и сны	1
существенной стороной	1
раз моменты	1
раннехристианских кризисных	1
и человеческие	1
бытовой цикличности	1
умерших деятелей	1
биографии и	1
весь сплошь	1
он между	1
отдельных не	1
этого-то подглядывания	1
античных автобиографических	1
наполнены пространства	1
и авантюрно-сказочный	1
измерение пространства	1
типа господствовавший	1
это мнимая	1
мотиве мотиве	1
метаморфозы овидия	1
при помощи	1
мистики корни	1
и легкость	1
лежать любовь	1
блаженству пусть	1
прямой темы	1
лишь тождество	1
кризисных житиях	1
измерители в	1
площадь агора	1
в вавилоне	1
допустимость самопрославления	1
сказочного человека	1
ночную пору	1
особенно благодаря	1
что благодаря	1
немножко дальше	1
является время	1
только физический	1
и пародийным	1
апулея напротив	1
первая автобиография	1
бытия которым	1
знакомится с	1
и специфический	1
поступки носят	1
сила или	1
героев энколпия	1
этого же	1
более речного	1
разветвление развитие	1
в античных	1
он руководствуется	1
их страсти	1
только ее	1
эта абсолютная	1
функции непохожие	1
ошибок преступления	1
глубинами доклассового	1
элемент в	1
определенного положения	1
входит лежит	1
богини когда	1
огромную роль	1
как рассказы	1
же люди	1
романов в	1
житийном варианте	1
пределах каждой	1
средневековом рыцарском	1
которым что-то	1
этого ведущего	1
биологически-возрастной временные	1
смысл слепой	1
дается описание	1
соответствующие мифологические	1
стран городов	1
случайность управляющая	1
его момента	1
не лежит	1
бытия и	1
и непосредственных	1
стали прочным	1
того разнородного	1
удивительные вещи	1
самоотчета именно	1
продукции как	1
интимно-приватного секретно-личного	1
романный тип	1
народной человечности	1
в конкретное	1
особенности совершенно	1
культуры а	1
гелиодора левкиппа	1
было так	1
можно тянуть	1
отчета приватно-интимные	1
повесть или	1
описывается странное	1
день на	1
места не	1
его главном	1
оно внутри	1
документов улик	1
дней отсрочки	1
же существо	1
частности от	1
покаянной исповеди	1
путь героя	1
таким-то образом	1
народа в	1
и остались	1
странствований и	1
возник античный	1
роль осла	1
разрыва нормального	1
героев вырождается	1
внебытовой жизненный	1
называемого греческого	1
составляющий элемент	1
приапом пародия	1
и философские	1
и непосредственное	1
обманы и	1
драматических даже	1
важно перевезти	1
нормальной биографии	1
жанров и	1
продолжают жить	1
моментов исторического	1
предполагают эта	1
на различные	1
процессия в	1
литературы любовные	1
оболочка этих	1
литературе явлений	1
публичные риторико-юридические	1
всестороннему его	1
пространства этим	1
широком и	1
гесиода равно	1
подтверждено лишь	1
мы покажем	1
реального времени	1
глубочайшее отличие	1
особенностями и	1
путь самый	1
с повторяющимися	1
вера в	1
всегда нет	1
эпохи было	1
и неизвестное	1
играют в	1
измены искушения	1
осла никто	1
всю картину	1
на точность	1
линия те	1
свои права	1
назвать авантюрно-детективный	1
для двух	1
соблазнами затем	1
основным стержнем	1
носит совершенно	1
не дошел	1
сопоставлении с	1
себе авантюры	1
и начале	1
и жившие	1
ее встревожил	1
сохраняется единство	1
процессе или	1
построено на	1
но вокруг	1
мотивов входящих	1
нападение пиратов	1
значение случись	1
мази для	1
неразрывно связаны	1
успеха в	1
той сплошной	1
является параллельным	1
чтобы появились	1
живучей в	1
существу он	1
обратимо авантюрный	1
виною люция	1
и бросающееся	1
является и	1
сократа как	1
изображению этого	1
располагается так	1
неосуществима поэтому	1
виду биографический	1
жизнь всякое	1
они и	1
меняется количество	1
три посвящения	1
сильной форме	1
контекстах мотив	1
поэтому их	1
и следуют	1
отдельные сооружения	1
позволяет широко	1
с собою	1
силы ее	1
их не	1
кроме образов	1
сами эти	1
иное значение	1
решается проникнуть	1
различные способы	1
и место	1
участником всех	1
судьбе этот	1
пауза то	1
космического и	1
вариациях играет	1
поворот жизненного	1
у этого	1
не включен	1
как изнанка	1
значении однократного	1
народно-мифологическое время	1
целом в	1
разных эр	1
не могла	1
во ii–vi	1
вышли на	1
точка зрения	1
нас здесь	1
мотивы эти	1
последовательно развернуть	1
утрачивают здесь	1
ровно ничего	1
предшествующих античных	1
сделать одну	1
и описательные	1
пути присущи	1
совершается это	1
странствований скитаний	1
за виною	1
литературу философских	1
именно специфическая	1
образы разных	1
и освещается	1
не приходится	1
громадное сходство	1
не имеющего	1
долгим жизненным	1
героям надо	1
их этот	1
направлениям ежедневному	1
достаточно указать	1
авантюры на	1
имеющее хоть	1
эпоху когда	1
и развертываются	1
судебно-юридическую квалификацию	1
обязательно конечно	1
этим человек	1
и оболочка	1
риторических жанрах	1
греческие хронотопы	1
наших теоретических	1
страну но	1
пространстве и	1
для приватного	1
инициативе соответствует	1
оно слагается	1
абстрактной связью	1
соответствующих отдельным	1
благое божество	1
его фольклорная	1
также важно	1
и охотно	1
пути в	1
сюжета с	1
его судьбу	1
наблюдал за	1
простой лапидарной	1
воплощенная точка	1
и самое	1
христианском например	1
этот фольклор	1
и невесту	1
вызывает резкую	1
романе играет	1
понятие контакта	1
мотивах превращения	1
и всей	1
самом деле	1
конечно эти	1
его закулисные	1
на боковых	1
конкретности изложения	1
кует он	1
приметами человеческого	1
никаких сомнений	1
ряд требует	1
очень резко	1
есть кризис	1
яснее специфический	1
о которой	1
в собственно	1
дается как	1
которые внутренне	1
его и	1
и раннее	1
героев изменяющее	1
авантюрно-бытовом романе	1
ограждение и	1
инстанции от	1
нильским конем	1
изолированность эта	1
ту же	1
непохожих друг	1
создаются определенные	1
свое материальное	1
в свою	1
вовнутрь его	1
или косвенно	1
начале xx	1
ищущего истинного	1
рамо у	1
типов чтобы	1
отсрочить свадьбу	1
ядро метаморфозы	1
человеческой судьбы	1
сложна и	1
историческом времени	1
рассуждения иногда	1
шкуры испытав	1
утратили свое	1
есть внутренний	1
тождества но	1
бытовым что	1
подтверждение их	1
есть преодолевают	1
же связь	1
разных поколений	1
неизлечимая болезнь	1
люций после	1
движения существенные	1
эллинизма эти	1
незримого ядра	1
нетворческий характер	1
когда публичное	1
молчаливого мышления	1
имеет более	1
другая попытка	1
христианском житийном	1
свою судьбу	1
это густое	1
риторическая автобиография	1
романах например	1
сокровищнице мирового	1
так называемого	1
эти точки	1
с такими	1
раз благоприятствующих	1
и часами	1
этого слова	1
причастны это	1
их громкого	1
на ней	1
завоевания славы	1
формами самоопубликования	1
обратного превращения	1
подсматривание и	1
же случая	1
ее почти	1
быть использованы	1
специфическое публичное	1
испытание героев	1
типичного и	1
всем правилам	1
ослином виде	1
ведь и	1
или два	1
или публично-риторические	1
ее роли	1
также характеризуются	1
жернова он	1
бегства важно	1
никаких немых	1
организован и	1
какой деятельности	1
жизни подчиняются	1
роман строился	1
страданию аскезе	1
принципиально допускает	1
у приватного	1
невозможно само	1
сохраняют тот	1
слуга сменил	1
также строится	1
бы предотвращено	1
когда приватный	1
громко что	1
вариаций любовно-идиллического	1
шум в	1
могила соответствующие	1
роман изобретал	1
необходимо как	1
нами в	1
в разнообразных	1
на голой	1
говорит люций	1
пустом пространстве	1
но к	1
сценку таким	1
времена были	1
сочетании существенно	1
бы странность	1
последующих приключениях	1
и буддийском	1
конкретном целом	1
же случайны	1
элегии географического	1
жизнь стала	1
степень настолько	1
характер пути	1
приобретают характер	1
он всегда	1
обязательно при	1
осла жизненный	1
начале мы	1
романа испытания	1
романы достоевского	1
все они	1
судьбы в	1
вполне допустимо	1
места играющий	1
разлучены ищут	1
на три	1
огромным ушам	1
видения поэтому	1
подслушивать ее	1
четырех стен	1
мгновеннойстрастью непреодолимою	1
и вариаций	1
идеи очень	1
задачам на	1
пальмеринов на	1
романом мир	1
отражения и	1
встречает препятствия	1
более частный	1
отклонений и	1
себе бытовой	1
особенности вещие	1
глубину этого	1
жанра основа	1
оголено человеческое	1
некоторого временного	1
форме используя	1
его публичный	1
стороной то	1
животных и	1
чисто технический	1
и искусства	1
глубоко и	1
странный обычай	1
после кризиса	1
новый временной	1
благоприятно для	1
роман от	1
ведущая его	1
всем громадном	1
этому содержательному	1
представляет из	1
эфиопия и	1
в пути	1
не должно	1
мистерийно-культовые основы	1
здесь доминирующим	1
времени где	1
просто дорогой	1
перебраться в	1
подвергнуть пытке	1
подходе к	1
в последующих	1
они лежат	1
какой-нибудь отдельный	1
в раскаявшегося	1
тесную связь	1
действуют так	1
но авантюрное	1
настолько уже	1
конкретизация географическая	1
неожиданны как	1
которая приостановила	1
и зримым	1
побои подвергается	1
имеет повсюду	1
в греческих	1
формы к	1
иной степени	1
события греческого	1
и публично-риторическое	1
встречу с	1
сравнительно небольших	1
преступлений и	1
хозяев слуга	1
появляются в	1
вызывает никаких	1
пространстве инициатива	1
превратности вступили	1
своей семьей	1
чужую без	1
особенности последняя	1
моменты когда	1
публично в	1
и клитофонте	1
скрытую механику	1
чем обычно	1
и публичный	1
постановка плута	1
стороны хронотопа	1
раздроблен и	1
встрече как	1
путь под	1
оставляет места	1
низкого быта	1
бросающееся в	1
степени при	1
имеют ровно	1
всякого индивидуального	1
особо отметить	1
житийных образцах	1
друзей живыми	1
определений с	1
абсолютной власти	1
романов? исходная	1
совершенно так	1
романов? для	1
остановимся здесь	1
хронотопы почти	1
клитофонта в	1
превращения одного	1
кризисом и	1
о том	1
на одной	1
человеке образе	1
и совершенно	1
реальное биографическое	1
основном вне	1
нормальный и	1
специфическое циклизованное	1
смысл роковое	1
страной своим	1
связей он	1
известное биографическое	1
поэтому остро	1
смоллетта герой	1
у мартина	1
как почти	1
элементы этого	1
сюжет золотого	1
раскрыться и	1
энкомионе в	1
взаимосвязь временных	1
то увидим	1
встречи получает	1
от других	1
что-то прошли	1
композиционно-организующем моменте	1
она может	1
или хотя	1
к цели	1
где он	1
быть желанной	1
в знаменитой	1
как авантюрный	1
указания различных	1
клитофонту и	1
самое слово	1
литературы частный	1
тип бытового	1
путешествия пути	1
работ но	1
богов или	1
видим а	1
дальнейшем они	1
до бейрутской	1
в человеческой	1
разновидностей географического	1
богов золотой	1
рабству жестоким	1
вовсе ничего	1
благодаря огромным	1
человек с	1
сказочного фольклора	1
произведениями литературно-книжного	1
именно этим	1
кн кроме	1
авантюр приводит	1
высшей логике	1
типическую схему	1
конечно характер	1
артемиды которая	1
самодовлеющие временные	1
громадное организационное	1
жизни она	1
комплекс мотивов	1
все бегство	1
единична она	1
многом ведет	1
в десять-пятнадцать	1
засчитывается здесь	1
лишь путем	1
жизнь такого	1
какова она	1
абстрактность присущая	1
закономерности этого	1
фастах овидия	1
развлекаться по	1
и он	1
открыты зримы	1
ряд осмысливается	1
превосходящий аналогичные	1
парвеню во	1
во вставной	1
путешествие морская	1
действительному содержанию	1
биологическими моментами	1
моментах в	1
собственной виною	1
романе сводня	1
в ту	1
путь в	1
беседу с	1
погибшим и	1
с бытом	1
имеет тесная	1
какой мы	1
этот вопрос	1
п сходными	1
случай а	1
романное единство	1
другие петлю	1
были словесными	1
этапы жизни	1
логика непристойности	1
что можно	1
смежными моментами	1
осуществляется авантюрное	1
него нет	1
и случая	1
явлением эпохи	1
интимный дневник	1
осуществлялась не	1
осведомляли людей	1
подробного анализа	1
были чрезвычайно	1
полускрытой форме	1
бальзаку и	1
встреча героя	1
родной знакомой	1
отрицать не	1
и биографий	1
буколическом пастушеско-идиллическом	1
оценки организующая	1
торопиться со	1
а было	1
различных античных	1
он окружен	1
романе вообще	1
единство пространственно-временных	1
имеет это	1
человеком лишенным	1
и затмевает	1
войны в	1
должны еще	1
узнают от	1
быта в	1
смерти переодевания	1
энкомиона и	1
силу и	1
и необходимостью	1
левкиппе приходится	1
же отдельных	1
философию третьего	1
слышимо и	1
последующих анализах	1
позднем она	1
фольклоре до	1
с иными	1
не исчерпали	1
или чисто	1
и условный	1
плотно срослось	1
свои места	1
времени раскрываются	1
чужом мире	1
уже предназначена	1
бы существенно	1
задач такой	1
даль одновременность	1
это развитие	1
определенное освещение	1
временем этим	1
в своих	1
момент роз	1
функции плута	1
людьми в	1
должно воздерживаться	1
внимание на	1
основа его	1
и нового	1
созерцателя для	1
находим в	1
непосредственно смежными	1
осмысливающему его	1
вне власти	1
являющемуся дальнейшим	1
чужая жизнь	1
частный изолированный	1
жизнь могло	1
публичность его	1
превращения люция	1
указывали что	1
силой особенно	1
всецело определялись	1
подробные описания	1
незнакомое чужое	1
теккерей менее	1
развели огонь	1
встречи может	1
повезло доехав	1
новы и	1
в мучительной	1
других перечисленных	1
противоречивым в	1
всяком активном	1
совершить его	1
встреч иногда	1
послужил первофеноменом	1
примета и	1
предсказания вещие	1
слышал даже	1
разрежено авантюрным	1
и продукт	1
слуги отходит	1
жизни таково	1
моментов в	1
пространственных определений	1
и поминальная	1
время неотделимо	1
одну минуту	1
из этапов	1
поэтике мы	1
и новый	1
демонов магов-волшебников	1
отходит на	1
освоение некоторой	1
соответствии их	1
узлами следовательно	1
ими если	1
любовь героев	1
и смысл	1
казуистика второй	1
совладать с	1
из которой	1
очень важная	1
сущности бесконечный	1
др сменяются	1
и после	1
и силе	1
авантюра могла	1
более конкретное	1
положение их	1
перед обратным	1
притом чужой	1
первофеномена для	1
форме сохраняется	1
на то	1
конца так	1
героем и	1
богов и	1
нельзя и	1
говорили сколько-нибудь	1
византийцами и	1
от публичной	1
отдельного человека	1
признаний подсудимых	1
изучать ее	1
мира частной	1
неопределенное незнакомое	1
метаморфозы выступает	1
аналогично построенных	1
отрезки вводятся	1
глух а	1
громко выражают	1
таков первый	1
апулея дошел	1
т.п в	1
которого готовились	1
и авантюрный	1
варьируясь конечно	1
затем кризис	1
героя его	1
испытание биологического	1
вообще мог	1
в тех	1
жизни реальный	1
определяющих всю	1
предсказаний оракулов	1
реалистов у	1
некоторых особенностей	1
непреодолимою как	1
к содержанию	1
этого тождества	1
основное жизненное	1
этого хронотопа	1
значение имеет	1
интереса для	1
пленения играют	1
стать символом	1
курьезные и	1
прямо определяющих	1
не являются	1
греческий тип	1
положений осла	1
разрешал эту	1
характера выработанные	1
пространства чужого	1
принадлежат только	1
смыслом и	1
простая рядоположность	1
превращение люция	1
романа греческого	1
при всей	1
и исторических	1
их значение	1
значение для	1
познания людей	1
не людям	1
случая всякая	1
исторический ни	1
снова тормозит	1
прославляемого пластичен	1
только опасности	1
частным судьбам	1
описании пира	1
другом месте	1
завершение всего	1
человек вина	1
характеризует свое	1
тотчас же	1
мариво крестьянин-парвеню	1
чужому миру	1
в доме	1
романы сравнительно	1
еще придется	1
генеалогический ряд	1
как нигде	1
цезаря в	1
татий сны	1
почве этот	1
выражаем в	1
переживает исключительные	1
ядра быта	1
человеком об	1
случае в	1
теоретических формулировок	1
здесь соответствует	1
литературных произведений	1
только случается	1
и авантюрное	1
нем частично	1
когда героям	1
убедились в	1
было родным	1
именно их	1
нет все	1
не бывает	1
изумительная сплошная	1
радостью ч	1
ряду и	1
наполняется реальным	1
поэтому нет	1
времени этой	1
автобиография iv	1
и возник	1
уголовный материал	1
свадьбой назначает	1
переходят и	1
ней определенного	1
особо выгодно	1
нашего разделения	1
судьбы я	1
родное оценивается	1
распадение мифологического	1
осмыслены как	1
условном обозначении	1
моменты и	1
на проблеме	1
в данный	1
инициативной случайностигреческого	1
степень абстрактности	1
густо оно	1
вторгается в	1
это застывшие	1
конкретных примет	1
мотива дороги	1
сливается с	1
к очищению	1
называть экзотическим	1
он терпит	1
изображения в	1
ошибку фотиды	1
посвятил свою	1
следует за	1
уже чревато	1
мнения исследователей	1
теперь когда	1
первое звено	1
единство этой	1
уголовщина это	1
момент повторения	1
мнимые измены	1
пути человека	1
одежду подвесили	1
жена погонщика	1
нее развивается	1
и последовательная	1
значительной мере	1
разновременностью явлений	1
отчет о	1
не подлежат	1
где нормальный	1
утратив народный	1
развязкой финалом	1
философия человека	1
формой осмысления	1
влиянию восточных	1
самая наука	1
кн и	1
пира тримальхиона	1
провидение или	1
положение авантюристов	1
на счету	1
стран фигурирующих	1
встреч и	1
античных жанрах	1
них у	1
реже и	1
идет она	1
который был	1
метаморфозы всего	1
в сатирах	1
являются испытуемые	1
находим высоко	1
поэтому сатирикон	1
даже судебно-юридическое	1
воскресение быту	1
всего в	1
действиям к	1
небольших фрагментах	1
кабаки то	1
страсти и	1
типу в	1
объединены в	1
и интенсифицировано	1
и добродетелей	1
понятия восточные	1
исторического целого	1
типу авантюрно-бытового	1
громадное значение	1
предназначена отцом	1
своя или	1
занимательным может	1
религиозная процессия	1
люций а	1
приобретения богатства	1
мрак разливается	1
мнимая измена(с	1
отмечу что	1
ее связями	1
в событии	1
форме обличения	1
общего момента	1
видоизменяются в	1
исчерпали всех	1
блаженство таков	1
основою всего	1
тех случаях	1
в частности,«парвеню	1
он служит	1
романа от	1
человека разделенных	1
со странствованиями	1
мужество сила	1
разветвленный путь	1
с человеком	1
литературе эта	1
эта конкретность	1
ретардирующие задерживающие	1
исповедь блаженного	1
значительно отходят	1
абсолютно пассивным	1
его вариациях	1
предусмотрены с	1
встречи два	1
рассчитать сколько	1
особенности всех	1
создания космоса	1
узнаются с	1
пять-шесть веков	1
сюжетов греческого	1
побуждает их	1
метаморфозы достигается	1
своего клитофонта	1
не связанный	1
дидро драматическую	1
преодолевается другое	1
типу также	1
жизнь раскрывать	1
приключений в	1
рассержен был	1
или ступени	1
абстрактности всего	1
и свою	1
классического греческого	1
на второй	1
радостью вышли	1
собой это	1
измеряемым прежде	1
вначале авантюрное	1
мотивом узнания	1
жизнь немая	1
дается определенное	1
римскую поэзии	1
сосуществование в	1
и лирических	1
землю ч	1
внутреннее мы	1
одноименный роман	1
продуктивными и	1
наделены исключительной	1
авантюрно-бытового типа	1
морального реформатора	1
prufungsroman уже	1
универсалыных не	1
показа частной	1
неоспоримые преимущества	1
романа однако	1
рядам закономерностей	1
имеют речи	1
высоко и	1
вопрос вообще	1
блаза в	1
мало как	1
же элементов	1
третьего в	1
неизбежными в	1
прославляется исократом	1
тацит плутарх	1
двенадцатая новеллы	1
счете определяется	1
смерти здесь	1
классического человека	1
отдельный странный	1
публичного и	1
полковник джек	1
героев по	1
автобиография переходя	1
чтобы авантюра	1
характер человек	1
описываемых вещей	1
противоречия но	1
месте где	1
потому они	1
мы также	1
деятелей в	1
и действенность	1
и диковинные	1
имеют иное	1
судьбы тюхе	1
эпических форм	1
логикой были	1
клитофонте описывается	1
погибшими при	1
бомарше и	1
жизненным смыслом	1
готовы и	1
вот эта	1
и еще	1
тело в	1
категорий в	1
как божественное	1
пружин то	1
всегда строится	1
исократа носит	1
эти похищения	1
это сочетание	1
или терпят	1
античной целостности	1
форм опубликования	1
зверям рабству	1
места поэтому	1
основной композиционный	1
авантюрно-сказочный ряд	1
имеют в	1
как рабочий	1
раннее выражение	1
генезиса греческого	1
мышление например	1
у повара	1
как четвертое	1
изиды после	1
искусства находятся	1
типов если	1
романного жанра	1
строем культурой	1
циклов этот	1
внешнего ни	1
которым она	1
времени то	1
романа до	1
и осла	1
своему началу	1
с человека	1
оно здесь	1
типа не	1
страдания ахилл	1
мог возникнуть	1
же распадение	1
воле божество	1
бегство обретение	1
какую выгоду	1
обычаев населения	1
находится в	1
бы друг	1
в реальное	1
их тождества	1
биографическом человеке	1
единично-единственное нигде	1
человек для	1
это опыт	1
безусловно нельзя	1
героев тоже	1
уже совершенно	1
присуща определенная	1
происхождения отдельных	1
пространстве его	1
романа сбросив	1
ряду пересекают	1
фотида случайно	1
одного явления	1
и фольклорного	1
дифференциация биографических	1
др входят	1
свободу и	1
сореля по	1
аналогичной схемой	1
иных жанрах	1
романа могло	1
не параллельно	1
самого начала	1
нашли там	1
наконец стать	1
специально ставили	1
небом на	1
в нем?	1
данный момент	1
трактовка се	1
только надел	1
должен задеть	1
объемлющим целым	1
как формально-содержательную	1
к моменту	1
оков ч	1
объем аналогично	1
от греческого	1
своеобразие образа	1
строиться на	1
обычно разная	1
осла из	1
обнаруживают громадное	1
всему греческому	1
роль авантюриста-парвеню	1
целом более	1
и трудами	1
роман и	1
борьбе и	1
жизнь которую	1
что этого	1
и тонко	1
интенсивное но	1
существенным организующим	1
оголенности от	1
от сюжетов	1
типа момент	1
смоллетта исключительно	1
носят поэтому	1
кончая превращением	1
фаз земледельческих	1
пристани алтарей	1
плута бродяги	1
приглушенным и	1
громадная роль	1
для обратного	1
счастливым случайностям	1
эти свойства	1
прошли что	1
тождеством принадлежит	1
сюжета их	1
каков бы	1
и судьбы	1
путь ищущего	1
в богача	1
события как	1
иной раз	1
и полно	1
является существенным	1
по-новому в	1
покровительство богов	1
этому порядку	1
поступить чтобы	1
путь к	1
здесь только	1
их может	1
времени управляются	1
определенного и	1
отражениям в	1
ведь самопрославление	1
он характеризует	1
входящих как	1
создается своеобразный	1
к третьему	1
приключилосьследующее ее	1
на родину	1
лишен существенных	1
романа сводятся	1
невелики в	1
образ грешника	1
знала этой	1
и показа	1
где соприкасаются	1
дорогу с	1
нем раскрывается	1
из существенных	1
конкретном и	1
шире земледельческой	1
все наполняющие	1
эпизоды отдельные	1
мы понимаем	1
особенности романа	1
случаем люция	1
подсматривающие и	1
и улучшающая	1
даже со	1
события частной	1
опытом раскрывающим	1
и ни	1
этим объясняется	1
разновременных что	1
брак к	1
что основою	1
просветители весьма	1
более подробного	1
которое возникает	1
образом все	1
автобиографическое и	1
особенность сохраняется	1
любопытство толкнули	1
герои занимаются	1
пути носит	1
роль во	1
отметить следующее	1
полно воплощает	1
меняется чувства	1
роман связан	1
жанров в	1
деторождения смены	1
их социально-политическим	1
на одну	1
наследия отдельных	1
почве осложняется	1
их чтобы	1
испытания на	1
следам с	1
слуге место	1
месте встретиться	1
это публичный	1
символом иногда	1
смысл который	1
не исчислено	1
поэтому слуга	1
нет социально-политические	1
эпохи третье	1
своего обычного	1
аристократ или	1
более ограниченная	1
закреплено традицией	1
источникам происхождения	1
отсрочки все	1
года глубоко	1
сделана гете	1
идет о	1
хронотоп хронотоп	1
угадывание событий	1
поставлены и	1
характера отрешенными	1
типа фигура	1
для подглядывания	1
вспышка их	1
отношение и	1
мировую литературу	1
принимающий его	1
ряд трудового	1
ней чуждость	1
имела подвергая	1
его основных	1
этим уясняются	1
которые в	1
опасностями сама	1
наконец такие	1
жизни биографического	1
разновременности то	1
единичные бытовые	1
перерожденного героя	1
характерна речь	1
вернемся к	1
или во	1
совершенно своеобразное	1
агора на	1
и существенную	1
путям по	1
чтобы спасение	1
романа iii	1
всего бытия	1
существенным всем	1
ч xxiii	1
подходит жрец	1
целого но	1
отчету на	1
сюжеты всех	1
возвращаться в	1
игру ведет	1
быту здесь	1
его таким	1
вымерено и	1
здесь тесно	1
собственных произведениях	1
доминирующим организационным	1
формы автобиографий	1
нужна экстренная	1
далее и	1
для раскрытия	1
про себя	1
очищение блаженство	1
грядущее говорит	1
литературы мы	1
разделе путь	1
пользуясь нашей	1
является любовь	1
такой авантюры	1
носит широкий	1
не прибавило	1
повернутого к	1
греческой инициативной	1
правда в	1
дело не	1
героев у	1
принесены к	1
тоже не	1
героини и	1
это очень	1
догадок и	1
и слушающего	1
достаточно напряженной	1
эпохи но	1
внешних и	1
сложной мифологической	1
и испытания	1
он был	1
романа продолжают	1
этой идеи	1
важны назовем	1
как боги	1
софист понятие	1
быту самую	1
в житийных	1
роман вальтера	1
себя я	1
выдвигается античная	1
только абсолютно	1
что наука	1
у петрония	1
роман ведь	1
используют как	1
сила человеческая	1
окончательную судебно-юридическую	1
важными моментами	1
не парвеню	1
ведущих ролей	1
развязал игру	1
нет места	1
имеем в	1
и воскресения	1
драмы отметим	1
а на	1
чуждым и	1
более благоразумным	1
значение например	1
литературы в	1
литературоведами применительно	1
окружающем мире	1
см одноименный	1
отдельные бытовые	1
романа события	1
обманы всякого	1
прямой фольклорной	1
с совершенно	1
специфические особенности	1
и от	1
эти вдруг	1
не знающий	1
и разными	1
типа то	1
ничего экзотического	1
понимал как	1
рядов время	1
половой почве	1
случаях когда	1
в низком	1
здесь же	1
конечно препятствуют	1
всякого рода	1
плавания внезапный	1
приобретает еще	1
отчетливо указывается	1
заковали сняли	1
через куртизанок	1
в объемлющий	1
чистой случайности	1
бы между	1
события эти	1
и был	1
этого нет	1
звучащим принципиально	1
жизни лишь	1
остановимся прежде	1
по трудам	1
здесь хронотопа	1
он быту	1
втягивается в	1
или сами	1
наиболее статический	1
зримой форме	1
прохождение ищущего	1
превращение тождество	1
отмечаем два	1
не становятся	1
лишь отдельные	1
искусства например	1
сатир хотя	1
пункт жизни	1
целостность человека	1
последним покровительство	1
жизни почти	1
вынуждают их	1
не объединяются	1
наконец самая	1
использования в	1
и сказочные	1
самого осла	1
же здесь	1
оговориться что	1
нет как	1
не создано	1
эпических драматических	1
встречаем например	1
конце но	1
человеческом народном	1
условиях совершенно	1
на протяжении	1
и византийцами	1
они переживают	1
изолированы и	1
пар глаз	1
распадающийся на	1
они также	1
природы даже	1
мифологическое событие	1
большинство авантюр	1
роману барокко	1
неизгладимый след	1
оказавшая громадное	1
мы отмечаем	1
только случаю	1
хронотопа поэтому	1
романа ни	1
мире не	1
пустыней мира	1
царя политического	1
не вносит	1
идиллическим пейзажем	1
что кэдуоледер	1
появилось только	1
и автобиографических	1
изображенного в	1
его самосознание	1
процессе метаморфозы	1
дни часы	1
образ определенной	1
праздно-любопытный люций	1
природы появляются	1
оповещают людей	1
моментах с	1
византии и	1
и послужил	1
ограничениями эти	1
нежеланной радостной	1
последняя граничит	1
не закончат	1
для них	1
стесняется говорить	1
эту закономерность	1
но отдельные	1
весь человеческий	1
в иных	1
автобиографической точками	1
и имеет	1
левкиппа как	1
есть к	1
романов осложненного	1
пекаря он	1
судить оценивать	1
познание самого	1
рода побои	1
и слышим	1
и звучащим	1
предлагаемых очерках	1
есть какие-то	1
дифференциации не	1
сказочные испытания	1
почве характерно	1
каким он	1
в эти	1
изучения мудрого	1
такая определенность	1
что самая	1
законченные в	1
свои чувства	1
жреца изиды	1
художественно-зримым пространство	1
за страстью	1
могли предотвратить	1
имеет ни	1
человеческое превращение	1
к частной	1
быстрый увоз	1
пересекаются специфическими	1
движение времени	1
образ сказочного	1
основе ее	1
даются разные	1
непосредственно сомкнулись	1
метаморфозы самый	1
франсион у	1
охватывающие единичные	1
низком быту	1
этапов которого	1
преступления или	1
оказались чрезвычайно	1
но охваченный	1
биографическими моментами	1
важными мотивами	1
явления эпифании	1
стержнем содержания	1
строго научного	1
событие в	1
романа герой	1
четкого фона	1
другими важными	1
нет масштабов	1
содержание образа	1
узнали бы	1
воздвигаемых судьбою,претерпев	1
именно этого	1
задеть какую-то	1
на дом	1
время-пространство изображаемой	1
отрешенными от	1
тем лучше	1
же живой	1
элементы здесь	1
сластолюбия получил	1
героини в	1
мифологические и	1
охарактеризованного нами	1
такому увеличению	1
ней весь	1
самого героя	1
экономическая социально-политическая	1
например что	1
элементов их	1
раздроблено на	1
и незримое	1
их любовной	1
в европейском	1
произошло как	1
изображаемой жизни	1
объясняли эту	1
приватно основное	1
больших эпических	1
себя самого	1
публичным началом	1
их авторов	1
опубликованию половая	1
рядом с	1
бездомного бродяги	1
граждански-политический акт	1
через самокритический	1
формы художественного	1
герои рыцари	1
объединения различных	1
мифологические эквиваленты	1
бродяги слуги	1
постоянно созерцать	1
поэзии были	1
своей воле	1
определенной поздней	1
самосознание исократа	1
уже приметы	1
политического деятеля	1
смотрит автор	1
и описываются	1
отношении все	1
литература публичной	1
смысловым вариантом	1
обычного своего	1
куртизанки проститутки	1
что хронология	1
реалистически продуктивное	1
общественные встречи	1
допускает опубликование	1
романе то	1
вводятся и	1
идет за	1
человека сила	1
ядра ни	1
анализам греческого	1
осел апулея	1
его зрелости	1
игру с	1
деятеля эта	1
вся наука	1
циклическое вообще	1
героем авантюр	1
переживания и	1
сюжете жизненного	1
тесная связь	1
есть между	1
осла случайно	1
нем быт	1
функции служит	1
началом самосознание	1
из быта	1
ч xix	1
во главе	1
ауспиций преданий	1
роман благополучным	1
инициатива и	1
механическая нечеловеческая	1
не нужен	1
романа барокко	1
и формалистические	1
сменяющихся хозяев	1
это плуты	1
свой путь	1
сократа раскрывается	1
и объединены	1
поздние типы	1
остался незавершенным	1
с левкиппой	1
апулеевского сюжета	1
нападают разбойники	1
лозы более	1
вместо мази	1
вероятно самом	1
тип биографического	1
и пластичен	1
внебытовые события	1
ничего публичного	1
всех подходит	1
сделавшись по	1
сама риторическая	1
человека характер	1
определенным действиям	1
этой войны	1
происхождение ни	1
городов государств	1
жанровая разновидность	1
ее обнаженности	1
если не	1
радостной или	1
постановка подобного	1
мифологической метаморфозы	1
проблема стояла	1
воплощениями которых	1
о такой	1
препятствий пленение	1
ему человеческую	1
чувств известно	1
приватная бытовая	1
решений завершая	1
слагаются из	1
специфическое романное	1
человека проходящего	1
как авантюрно-бытового	1
она подвергается	1
абсолютное тождество	1
всего характерно	1
последующим воскресением	1
сочетании сложении	1
явлений в	1
времен года	1
придется ей	1
страна тоже	1
не глух	1
методы отражения	1
люция дан	1
своего молодого	1
опубликования ее	1
меняется мир	1
четкой форме	1
помине не	1
о пяти	1
сказать поневоле	1
авантюрный хронотоп	1
и действует	1
и незримого	1
слугами проститутками	1
из проявлений	1
условно пастушеской	1
ему удается	1
длинного романа	1
столкновение бегство	1
увы они	1
исповеди а	1
этом художественно-идеологический	1
п большой	1
и слиянием	1
такова постановка	1
ряда и	1
увеличился в	1
далью и	1
меняется переживает	1
специфическими ограничениями	1
начинает торопиться	1
наших задач	1
известный синкретизм	1
дух греческой	1
славы с	1
биологического здоровья	1
единство очень	1
в авантюрно-бытовом	1
у нас	1
проник и	1
образа совершенно	1
сказать отраженным	1
и уголовный	1
святого после	1
овнешненность классического	1
лежит хронотоп	1
образа ее	1
вне всякой	1
своеобразной выдержанностью	1
нашем случае	1
хронотопом причем	1
и вперед	1
поколений миф	1
нечеловеческих сил	1
имели громадное	1
мира а	1
всякого внутреннего	1
раннем так	1
менелай и	1
должно быть	1
ростовщики врачи	1
в отдельных	1
и локализованным	1
зримо и	1
трех античных	1
крушение в	1
его компактная	1
было публично	1
и испытаний	1
причастен быту	1
его реальным	1
различных сферах	1
развитии дополнит	1
совершается та	1
все сплошь	1
герои плачут	1
и романы	1
значение может	1
удары судьбы	1
с фольклором	1
к ним	1
очень громко	1
куртизанка см	1
житийной литературы	1
организующий мотив	1
публичныйхарактер всем	1
клитофонту невесту	1
отношение их	1
официальные науки	1
человека стал	1
оно вообще	1
целомудрия героини	1
весь человек	1
лиро-эпических жанрах	1
далее этому	1
строгими формами	1
ровно никакого	1
джек парвеню	1
также приобретает	1
некоторой случайной	1
хронотопический мотив	1
приняв ее	1
остается тем	1
не им	1
активность такого	1
риторических жанров	1
таком мире	1
экзотических и	1
героини с	1
автобиографию защитительную	1
случайностью здесь	1
адекватной формы	1
человек именно	1
и сохраняется	1
когда корабль	1
приватным содержанием	1
случая богов	1
всего центром	1
живут или	1
быта воскресение	1
в античной	1
обзор античных	1
не произошло	1
приключениях как	1
почве и	1
природу человека	1
в ярмарке	1
сохраняется но	1
что значит	1
испытания героев	1
античным эпосом	1
отчетливая метаморфоза	1
бегут прямо	1
такой дифференциации	1
лишь на	1
типа как	1
и самый	1
превращение осла	1
же как	1
разные эпохи	1
метаморфозы значительность	1
поручение своей	1
роман уже	1
своего течения	1
математическом естествознании	1
почве когда	1
отрицательно в	1
она имеет	1
и представляет	1
дороги большой	1
стала формой	1
день и	1
единства каждая	1
нюансами разработка	1
когда пушкин	1
определяется единство	1
слуги сменяющего	1
античных временных	1
жизни понимание	1
положение это	1
особенность образа	1
при изображении	1
носит как	1
пародию на	1
люция это	1
цинизм частной	1
спасаются благодаря	1
вообще авантюрист	1
его читателей	1
официальное государство	1
греческий авантюрный	1
конечно о	1
раскрылось и	1
испытание морального	1
будем называть	1
роста изменения	1
процесса начиная	1
непристойности то	1
и вносит	1
вещей то	1
сказать как	1
маску глухоты	1
дошли до	1
часто приводит	1
авантюр греческого	1
биографический момент	1
переломные события	1
и опубликования	1
бы назвать	1
социально-политическая бытовая	1
роман еще	1
пути героев	1
живет и	1
совершенно частный	1
приапична но	1
плети другие	1
спасает богиня	1
объявляют что	1
ее всю	1
ей не	1
его охвату	1
темы о	1
время уже	1
ее скрытую	1
разрывов левкиппа	1
это само	1
или византии	1
в платоновской	1
простилизованный клочок	1
которых присущ	1
обычно только	1
жанрах можно	1
другое разветвление	1
неотделимыми от	1
самой приватной	1
подчеркивается поэтому	1
внешности как	1
героя как	1
его с	1
механическом сочетании	1
установило их	1
дальнейшему пространственному	1
веков таким	1
типе плутовского	1
важно успеть	1
необходимо море	1
теми же	1
освобожден от	1
цели которыми	1
затмевает свет	1
руководительница люция	1
не проникнут	1
романов здесь	1
оно осмысливается	1
ряду с	1
моментах как	1
может получать	1
нашей верховной	1
i во	1
итальянских и	1
рядоположность обратимых	1
отличных образа	1
быть тем	1
от природно-мифологических	1
измерителей в	1
порядка мы	1
образцах античного	1
коснемся особенностей	1
всегда строго	1
абстрактно-чужом мире	1
люди и	1
понятийное мышление	1
некоторых разновидностях	1
тянуть сколько	1
три соответствующих	1
в буколическом	1
значения например	1
неожиданно встречаются	1
из метаморфозы	1
предотвращено необходимо	1
частный характер	1
здесь от	1
площади специфическое	1
судьбе о	1
они как	1
время или	1
временисо всеми	1
конкретного общественно-политического	1
него как	1
действие романа	1
этого отпадает	1
этим рядам	1
чрезвычайно осложняет	1
явлении родной	1
ее но	1
пребывание люция	1
другой этот	1
положению каким	1
весь ее	1
никакого определенного	1
та бытовая	1
описательные и	1
обособляться античное	1
которая указывает	1
ними пришло	1
единого бытового	1
сферу как	1
немой регистр	1
случая подчинена	1
сделана рабле	1
прямой и	1
и абстрактного	1
таков хронотопический	1
совершенно неотделимыми	1
определенным идеологическим	1
уже отмеченное	1
степеней их	1
для изучения	1
событиями общественно-политическими	1
ответственность является	1
не допускается	1
этой поздней	1
самая замечательная	1
выработки приватных	1
к частным	1
каждому таков	1
ее интимнейшие	1
голой земле	1
как гетевская	1
даже остальных	1
расчленения пути	1
хронотопе это	1
доступные на	1
лишь идеализованное	1
только романов	1
что из	1
нем неопределенное	1
плуты соглядатаи	1
героя юный	1
еще зыбкие	1
такое положение	1
не преодолевается	1
внутреннее для	1
жившие в	1
направлениях философии	1
у мариво	1
люция ведущая	1
в состав	1
жизнь ограняются	1
преступление и	1
распространены в	1
занимательности да	1
разнородного по	1
нельзя читать	1
он правда	1
русском переводе	1
устройства карьеры	1
общество то	1
технической области	1
романа вовсе	1
драматическую трилогию	1
к какой	1
временем в	1
другом все	1
стран с	1
оно разрежено	1
которую играют	1
и состав	1
поступков и	1
но есть	1
и одиночество	1
слагалось самоосознание	1
или это	1
и случайную	1
при построении	1
нигде не	1
называемый греческий	1
вставная новелла	1
единства для	1
в большой	1
и неадекватныйвнутреннему	1
а чисто	1
романе необходимо	1
должен сделать	1
здесь переплавлены	1
автобиография в	1
случайности судьба	1
вынужденному движению	1
рок как	1
как граждански-политический	1
как мед	1
мотивов как	1
принципиально отличается	1
они от	1
он попадает	1
повсюду решающее	1
и неожиданны	1
постановка слуги	1
время лишено	1
как рок	1
стране в	1
элевсинских мистериях	1
говорит о	1
совершаться на	1
в него	1
времени но	1
вместо птицы	1
его приближение	1
гибкими и	1
немое и	1
также отчетливо	1
чудесных животных	1
сюжетообразующих событий	1
ряду присуща	1
этой же	1
подлинной жизни	1
романе левкиппа	1
и условно	1
и священном	1
мельника ходит	1
полового ядра	1
эллинистической любовной	1
с другом	1
всякой связи	1
необходимость вина	1
как люди	1
есть в	1
народа человек	1
испытуемые герои	1
поэтому временные	1
боги в	1
являющееся сочетанием	1
их удельный	1
пути перекресток	1
и разветвленный	1
по изучению	1
и правильно	1
серебряный и	1
моментам греческой	1
к будущему	1
циклического времени	1
что чрезвычайно	1
ряд особый	1
новое что	1
его непристойности	1
ускользнуть неузнанному	1
быть сколько	1
и разнообразен	1
биографическое или	1
меня заковали	1
ряды различных	1
смерти? вот	1
отдельным моментам	1
эти по	1
проверило и	1
существенная мифологическая	1
сам мир	1
органически локализованными	1
всю судьбу	1
и отчету	1
чтобы покончить	1
носит именно	1
чисто авантюрный	1
входят в	1
прочность уже	1
и разъединилось	1
и ясностью	1
поискам и	1
героя цели	1
своя реальная	1
были зримо-наличны	1
золотой серебряный	1
литературе этот	1
особого отношения	1
и моменты	1
образ и	1
более существенной	1
далее необходимость	1
в вине	1
испытанием их	1
единственно тем	1
диковинок раритетов	1
имя ему	1
мире приватность	1
и приватная	1
бальзака в	1
сластолюбие юношеское	1
наиболее отчетливое	1
мир рассеян	1
человек исказили	1
приключения не	1
прежде чемказнь	1
окончательный образ	1
и конкретном	1
время проходят	1
неизменной верности	1
даже подчеркивается	1
принесена разбойниками	1
бытового плана	1
новое специфическое	1
не распадающийся	1
еще яснее	1
нашего анализа	1
психее у	1
литературе имеет	1
xviii веках	1
почему из	1
самопрославление вполне	1
пространством и	1
герои романов	1
героев ничего	1
спасаются но	1
осложненного не	1
скюдери в	1
суша и	1
следуют друг	1
сингльтон полковник	1
прерывисто осваивались	1
отчетливо воспринималась	1
и закончены	1
цели то	1
ряд активен	1
обычного нормального	1
тайниках для	1
по-разному используют	1
само авантюрное	1
ix идиллический	1
соединенных кризисом	1
дорожные приметы	1
ничего интимно-приватного	1
невидимого и	1
романом рабле	1
есть предназначающих	1
всем направлениям	1
и возможно	1
эта приватная	1
его нам	1
благополучными браками	1
романных хронотопа	1
этими различиями	1
мотив испытания	1
по-разному оценивать	1
особая воплощенная	1
они действуют	1
различные степени	1
единство но	1
основе странствований	1
в романном	1
традиции на	1
положение слуги	1
и локального	1
берег а	1
восприятия этих	1
к герою	1
нет биографической	1
и осмысливаются	1
добродетели и	1
общую относительность	1
силам а	1
подобного вопроса	1
бытовые обманы	1
разнообразии этого	1
благодаря счастливой	1
есть еще	1
народной идеи	1
моментам греческого	1
всей последующей	1
яростью другой	1
тесно переплетавшееся	1
существу литература	1
прочность и	1
до самой	1
эмоционально-ценностные встреча	1
большой дороги	1
другу заключающая	1
месте они	1
реального единого	1
вариациях резко	1
конкретность хронотопа	1
общественное значение	1
вся инициатива	1
см жак-фаталист	1
случайностигреческого авантюрного	1
рыцарском романе	1
приключения героев	1
нашей терминологией	1
только недавно	1
момента она	1
незримое наше	1
авантюрной логикой	1
его конкретный	1
хронотоп как	1
моменты греческого	1
героини принесение	1
зрения грек	1
энкомионе чрезвычайно	1
познанию математика	1
какие мы	1
люций принужден	1
выгодно в	1
степени и	1
минимальная степень	1
специфической закономерностью	1
организационным началом	1
хххi-хххii он	1
ряд прерывается	1
всевозможные организованные	1
в осмысленном	1
по случаю	1
все дни	1
опубликовать в	1
частности с	1
платоновская схема	1
эта слепая	1
исключительные внебытовые	1
слон и	1
быть для	1
здесь метаморфоза	1
во внешние	1
оторвано от	1
случись нечто	1
плута слуги	1
месту казни	1
ее постоянно	1
и только	1
европейского человека	1
ему явления	1
нечеловеческими силами	1
одиссея энея	1
проститутками своднями	1
другой значение	1
форм раскрытия	1
содержанием и	1
др здесь	1
степень живой	1
ложному обвинению	1
относящихся к	1
которой мы	1
и занимательным	1
а нужно	1
остается абсолютно	1
этом абстрактно-чужом	1
остается идея	1
становится так	1
времени раскрывается	1
т.п зато	1
всякое бытие	1
лонга в	1
исключительные совершенно	1
и целостность	1
место углубляться	1
они проходят	1
категории имели	1
почве романа	1
изменить свою	1
своей госпожи	1
отрыв бытового	1
здесь приапичен	1
момента его	1
художественно-идеологический смысл	1
человека осуществлялась	1
привела к	1
ей непричастного	1
единства античных	1
и римской	1
говорили аналогичную	1
здесь специфическое	1
они раскрывались	1
сфере мотив	1
литературоведение почти	1
каллироя харитона	1
же страсть	1
или случая	1
и самораскрытия	1
культуры в	1
интимно-камерному и	1
функциям в	1
к другим	1
романа клитофонта	1
он его	1
прочной и	1
но повторяем	1
случайное совпадение	1
движение и	1
общественной жизни	1
следование друг	1
в дословном	1
удовлетворением когда	1
разновременность какой	1
философских системах	1
внутренний организационный	1
и куртизанка	1
и объектов	1
к более	1
увидел своих	1
разбойникам диким	1
немого бытия	1
есть все	1
такого романа	1
сцене с	1
то и	1
полного уяснения	1
новых случайных	1
и адекватное	1
из самых	1
момента биографической	1
закончат жертвоприношения	1
различным идеологическим	1
случайность вообще	1
вопросы историко-генетического	1
очень важно	1
п но	1
не сливающегося	1
сравнительно невелики	1
народно-сказочного времени	1
остро видящего	1
мере и	1
активном внешнем	1
приватного сообщения	1
эта война	1
жизненно-биографическому пути	1
поражен радостью	1
одном ряду	1
лежат вне	1
материальное положение	1
умирает и	1
собой внешне	1
точка сюжетного	1
романе или	1
о причинах	1
подсудимых судебных	1
осмысливается по-новому	1
построение авантюрно-бытовых	1
и добродетели	1
мире многие	1
основе греческий	1
ее высшей	1
проявляется изощренная	1
в другом	1
жизнь обладает	1
его умершим	1
не абсолютно	1
дипломатические встречи	1
последовательной логике	1
первой встрече	1
было в	1
комического романа	1
иного мира	1
должны подвергнуть	1
центры человеческой	1
исходный пункт	1
работа по	1
и единственно	1
целого жизненной	1
к европейскому	1
состав встречающих	1
психологическое значение	1
социальном разнообразии	1
фольклорного человека	1
почти все	1
исторической стадии	1
эта жизнь	1
мы возвращаемся	1
имел в	1
жизни где	1
одной голой	1
до сегодняшнего	1
другие живут	1
числе большого	1
сколько-нибудь остающихся	1
полностью растворено	1
перерождение этим	1
отдаленное и	1
других стран	1
похищение невесты	1
сореля см	1
существенные черты	1
преступлениях судебные	1
глубине и	1
апологетический отчет	1
каждый предмет	1
то счел	1
их приключения	1
вокруг этого	1
разных эпох	1
степень подразумеваемого	1
исключительной инициативностью	1
кругу приводя	1
человека вовсе	1
матерью приключилосьследующее	1
движению в	1
философских школ	1
изнанка половой	1
которое мы	1
только определенные	1
его сменяющихся	1
быть ничего	1
толкнули люция	1
как наблюдателя	1
совершенно подчинен	1
мышления впервые	1
обратила в	1
люция вот	1
вырождается в	1
разных видах	1
центры этим	1
вырабатывались и	1
попали в	1
такие типы	1
резкое и	1
хронотопичность но	1
этого понятия	1
является только	1
жизненное положение	1
третьих частной	1
вводятся рассуждения	1
а только	1
есть для	1
себя а	1
своему составу	1
определенного места	1
чем мне	1
становится действенной	1
мы спросим	1
с тела	1
начальная инициатива	1
барокко через	1
свадьбу пришлось	1
раз не	1
котором как	1
возмездие за	1
век авантюристы	1
мотивами перемещение	1
в апологии	1
или на	1
но роман	1
проблеме времени	1
раз случается	1
человечности передана	1
искупление святость	1
человеком здесь	1
времени приметы	1
сильно рассержен	1
следов и	1
жанровых разновидностей	1
и единства	1
быта измена	1
всегда входит	1
способа художественного	1
происхождение неизвестно	1
создается своеобразная	1
ряд вина	1
них а	1
с другим	1
дается реализация	1
исключения перечисленные	1
ее вдруг	1
пор точно	1
эфесская повесть	1
почве во	1
телесно и	1
на деле	1
эта осуществляется	1
почти равный	1
в каких	1
два или	1
в ночную	1
мгновения измеренные	1
романа характерно	1
описываемые в	1
чужим миром	1
преимущество осла	1
примет в	1
дело обстояло	1
значение отсюда	1
встревожил сон	1
о времени	1
самоубийство клитофонта	1
кризис искупление	1
только претерпевает	1
тот абстрактно-технический	1
чувства их	1
иной оборот	1
на свет	1
испытания носят	1
эфиопика гелиодора	1
занимающий в	1
пространственным путем-дорогой	1
авантюры нанизываются	1
и мифологическим	1
разными личинами	1
как синоним	1
специфическая роль	1
жанры античной	1
отдельных романах	1
в высшей	1
классическая античная	1
какие-то масштабы	1
и каллироя	1
жизнью на	1
случилось он	1
в раннехристианских	1
событий по	1
эпосом некоторые	1
отдельным авантюрам	1
литературе уже	1
изолированное единично-единственное	1
нечто имеющее	1
перпендикулярно к	1
схема пути	1
теккерея отмечу	1
романе античный	1
хронотопе и	1
необходимых для	1
циклическое идиллическое	1
и зачаточные	1
структуре почти	1
величина и	1
клиний испустил	1
события и	1
случается им	1
неразрывности пространства	1
но наряду	1
все жанры	1
живущей до	1
разновидностей образцов	1
грустной иногда	1
к сюжетным	1
надевает бытовую	1
природы земледельческой	1
романа скаррона	1
через посредствующее	1
века те	1
речи об	1
кризисном типе	1
правилам поздней	1
греческому лагерю	1
судьбы то	1
ее особенностями	1
эллинистически-римской почве	1
уже приносит	1
жива уже	1
жизнь героев	1
авантюрному времени	1
предыдущем разделе	1
узнание неузнание	1
аналогичное слуге	1
базар балаганы	1
например сцену	1
черта есть	1
изолированный и	1
и двенадцатая	1
не единична	1
здесь они	1
для коллектива	1
авантюрное это	1
публичностью самой	1
которого проходит	1
деятельность прославляется	1
оставляем в	1
конкретизация были	1
жанров теперь	1
время сплетающееся	1
благополучное соединение	1
страна автора	1
семьей он	1
как очистительной	1
существенного к	1
есть время-пространство	1
обширные на	1
и различные	1
трилогию бомарше	1
вступают в	1
из случайных	1
очень сложен	1
его случайностью	1
мире этот	1
сгущенный лиро-эпический	1
служанка колдуньи	1
этих необычных	1
показали при	1
энциклопедический жанр	1
указывается собственная	1
чтобы процессия	1
сюжета истории	1
указывает в	1
романе конечно	1
жив дух	1
построенные по	1
своей невесте	1
позже этой	1
называть хронотопом	1
узнавание переодевание	1
инициатива вины	1
влюбленных их	1
влиянию прямой	1
мира греческих	1
поэтому степень	1
при анализе	1
несчастий воздвигаемых	1
первопричину скитаний	1
все зримо	1
проявляясь вовне	1
необходимо предполагает	1
вопросу и	1
те какие	1
пор не	1
нас разновидностей	1
особенностями авантюрного	1
знакомого родная	1
греческим авантюрным	1
срослось со	1
например хромой	1
наших дней	1
всего тот	1
течение стольких	1
и лишен	1
жизнь это	1
такова схема	1
с последующим	1
и происходит	1
говорить в	1
процесс не	1
публично-государственные или	1
разнообразных вариациях	1
прямо вводя	1
он изображает	1
условно авантюрным	1
мифологическим временем	1
ряду развития	1
жанровые методы	1
происходить в	1
форм которые	1
виноградной лозы	1
но внутренне	1
авантюриста-парвеню в	1
превращение нищего	1
прямая сюжетная	1
грека классической	1
эти времена	1
проследим художественное	1
жизнь,вмешательство судьбы	1
на принципиальную	1
авантюристом в	1
многоразличнейшим образом	1
всю мировую	1
раскрыт в	1
совершенно новом	1
существенные события	1
значения нам	1
маленьких лиро-эпических	1
посвященный очистительному	1
течения это	1
условному выражению	1
образа в	1
бы дело	1
решается на	1
татия они	1
пространственная экстенсивность	1
с клитофонтом	1
иначе если	1
и случайная	1
самом месте	1
созерцающего и	1
таковых нет	1
опочивальню девушки	1
всего космогонического	1
поэтому вовсе	1
судил рок	1
вот для	1
дело принимает	1
плутарх и	1
пережитых приключений	1
мира окружающей	1
долгая жизнь	1
выносит из	1
мы сказали	1
стесняются почти	1
разновидность обладавшая	1
лишенное реальной	1
миром и	1
романе правда	1
скитаний люция	1
предсказания и	1
бытовые секреты	1
из ведущих	1
героя по	1
такого большого	1
не происходит	1
и поэтому	1
нем разделились	1
изолированного человека	1
специфического хронотопа	1
иной не	1
нем неразрывности	1
мифологического времени	1
и немого	1
разновременность причем	1
со специфическим	1
преданий предсказаний	1
близостью и	1
четвертое разветвление	1
море в	1
географическим романом	1
и неуместное	1
бытовая конкретизация	1
в высшие	1
дается здесь	1
свою жизнь	1
на третий	1
определяется изумительная	1
сколько-нибудь четкого	1
совершенно неосуществима	1
формулировок и	1
та степень	1
и осмысливающему	1
и жаждущего	1
он сам	1
романом к	1
также дается	1
федр и	1
соответствовало громадное	1
яснее при	1
ряду романа	1
тюрьма,покушение на	1
отношений с	1
абстрактному чужому	1
поиски то	1
самой литературной	1
какую-то степень	1
до известной	1
эти разножанровые	1
осваивались отдельные	1
это преисподняя	1
указания что	1
был введен	1
и испытанной	1
как такая	1
классические формы	1
темы все	1
лоэнштейна в	1
сказали принадлежит	1
старой сводни	1
этой овнешненной	1
сюжетного и	1
герои плутовских	1
нее и	1
их чрезвычайно	1
п похищения	1
сгущается уплотняется	1
не ограничивает	1
освободиться и	1
осел кн	1
риторики драмы	1
поставить вопрос	1
типа оказались	1
нужно пространство	1
похищения бегство	1
строится весь	1
чуждости страну	1
приходит к	1
люций пройдя	1
эти периоды	1
родных если	1
были до	1
этот романный	1
потому условные	1
определяются именно	1
равный бальзаку	1
демокрита и	1
вина люция	1
нотариусы ростовщики	1
взяла не	1
следы преступлений	1
подслушивания приватной	1
что роман	1
и железном	1
принципиальную основу	1
философские политические	1
испытания их	1
кульминацией или	1
на берегу	1
развитии все	1
человека при	1
наполняется различным	1
поэтому приватно-индивидуальный	1
определенных пространственных	1
других так	1
франсионе сореля	1
в организациях	1
испытания мы	1
глухоты чтобы	1
некоторым эквивалентом	1
областей городов	1
построенный образ	1
письмом и	1
секунды как	1
необычных событий	1
чужого своему,в	1
v рыцарский	1
этим определяется	1
и указывает	1
лишен всякой	1
опыта и	1
не изменило	1
эпическую первопричину	1
них всесильным	1
магов-волшебников в	1
городов xiii	1
обладают переместимостью	1
раскрывается также	1
его официальные	1
были созданы	1
не авантюрной	1
приметы исторического	1
совершенно та	1
авантюристами авантюристами	1
лучше всего	1
также исключительно	1
зияние возникшее	1
отличает потому	1
это сюжетное	1
соприкасаются со	1
в трех-пяти	1
природе открыты	1
композиционного характера	1
битвы продажа	1
xii оказывается	1
пространственных препятствий	1
разных вариациях	1
ее секретов	1
на совершенно	1
легкомысленный и	1
первое и	1
несогласие родителей	1
абсолютная безукоризненность	1
слуги нотариусы	1
композиционно-организующая идея	1
разнообразии еще	1
это будет	1
зелье кончается	1
описание страны	1
для своей	1
в литературу	1
его приватной	1
для нашей	1
же значение	1
мы должны	1
этой игры	1
бытовое циклическое	1
наш краткий	1
условно платоновским	1
событий эпоса	1
что ты	1
превозносимого имя	1
повсюду где	1
или чужая	1
завершая наш	1
друга то	1
носят совершенно	1
рода быт	1
человеке нет	1
это частное	1
получил роковое	1
эпосе и	1
абстрактно-технический характер	1
правда аналогичным	1
философия истории	1
качестве определенного	1
авантюр роман	1
куртизанок и	1
я для	1
самому герою	1
это профессиональное	1
заключающая сюжетное	1
гибкостью ii	1
последующих эпох	1
все может	1
лишь стоящий	1
делать как	1
что происходит	1
связанными в	1
новый характер	1
но такого	1
входят ни	1
независимо от	1
здоровья и	1
такими мотивами	1
определение в	1
классическом типе	1
понимание чужих	1
настолько насыщен	1
события его	1
произведениях платона	1
этот абстрактный	1
богини которая	1
персия финикия	1
философских форм	1
было этого	1
описываются например	1
оно служит	1
гущу низкого	1
мотивов золотого	1
очередь ни	1
романа непосредственно	1
пружины но	1
всем известны	1
и люди	1
дается последовательный	1
брак совершился	1
повесть ксенофонта	1
отражения реального	1
для измерения	1
охваченный разложением	1
корни этого	1
литературе все	1
комедии и	1
самопрославление есть	1
подсматривать и	1
как сюжетные	1
стержневому ряду	1
полководца все	1
есть покровительством	1
как нет	1
сферу играя	1
тип в	1
вырабатываются в	1
непричастного не	1
всю специфику	1
ярмарке тщеславия	1
экстренная помощь	1
внешним то	1
непосредственно смыкается	1
это слово	1
наконец в	1
или иной	1
реализме диккенс	1
сохраняет еще	1
подробно как	1
герой знакомится	1
стране нигде	1
должно протекать	1
установлением неизменной	1
романе отрицать	1
к этой	1
и конечно	1
фигуры имеет	1
и пересекаются	1
сохраняется до	1
же погиб	1
третьему типу	1
романное бытовое	1
жизнь кризис	1
происходит их	1
абстрактно-чужой мир	1
целостного хронотопа	1
ставшие вещами	1
гесиода как	1
судьбою человека	1
достоевского преступление	1
интересная и	1
безразлично для	1
целого произведения	1
на виду	1
оно выработало	1
люди не	1
быть развернуто	1
движению к	1
которые распадается	1
говорили отвлеченно	1
только человеческая	1
существенное жанровое	1
литературе огромно	1
ряд философских	1
культурой историей	1
очень кратковременные	1
но движется	1
жизнь вошли	1
ведь его	1
снизу где	1
позднего и	1
дала люцию	1
зияние чистое	1
мировоззрения помещать	1
ступени путь	1
произносит длинные	1
вся внутренняя	1
отметим лишь	1
форме покаянной	1
хронотопичны правда	1
случае нечто	1
места для	1
точки термины	1
отношении больших	1
раскрывающий его	1
родилось на	1
раскрываются в	1
исключение представляет	1
допускается третий	1
все более	1
и приспособленности	1
других романных	1
дает два	1
у татия	1
которого отчетливо	1
зверя нильского	1
лежит отчетливая	1
активен и	1
лишь что	1
большинстве романов	1
овнешненность человека	1
не органический	1
производилась публично-гражданственная	1
времени сгущенное	1
опочивальню застает	1
изображения своего	1
открывать в	1
вины заблуждения	1
что касается	1
ее можно	1
встретиться или	1
роман но	1
свою жертву	1
своего народа	1
сам говорит	1
лишь с	1
государство со	1
все основные	1
их положение	1
ориентация временного	1
предприятии эти	1
городов различных	1
его будущую	1
сколько-нибудь существенных	1
событие как	1
аскезы характерно	1
человек затерянный	1
единство человеческого	1
следует очищение	1
эти дни	1
романа чужой	1
час и	1
разработаны другими	1
ряд потому	1
у гомера	1
золя наконец	1
овладевает одним	1
этом хронотопе	1
лишь благодаря	1
роман построен	1
xix и	1
оговорку под	1
античной трагедии	1
действуют они	1
xvii века	1
придумывать хитрость	1
как ни	1
для люция	1
истинного познания	1
его поступки	1
этот абстрактнейший	1
боковых путях	1
другого зверя	1
быть как	1
элементарно-биологической возрастной	1
нашу точку	1
второй план	1
время небольших	1
от государства	1
бывает просто	1
мотивами например	1
почти антиподы	1
же стихии	1
которые были	1
действовали как	1
биографическим ходом	1
судебные испытания	1
в богатого	1
покровительство другая	1
который наблюдал	1
играет конечно	1
повторяем в	1
люция люций	1
подлежат публичному	1
на внешнее	1
тщеславия теккерея	1
ее вполне	1
орудие случайную	1
присутствии осла	1
течение которого	1
дорожных встреч	1
новый специфически	1
целого человеческой	1
измена убийства	1
роман разрешал	1
мотивах узнания	1
ложные пары	1
возмездие и	1
на пять-шесть	1
все события	1
осложненной схеме	1
ночь была	1
плен и	1
человека воплощениями	1
коллектива для	1
соединение в	1
романа вина	1
этого циклического	1
природно-идиллическое время	1
судьбам только	1
сюжете апулей	1
ограняются грани	1
могут совершаться	1
единство и	1
количество случайных	1
были однородными	1
литературу оно	1
устанавливает допустимость	1
несравненно превосходящий	1
в искусстве	1
то перед	1
и ограниченность	1
периодического возвращения	1
конкретном ряду	1
финалом сюжета	1
фрагментах и	1
котором раскрывается	1
импотенция мужей	1
может вскрыть	1
всего европейского	1
виду у	1
не столько	1
всем либо	1
дали и	1
преступлениями уголовщина	1
в математическом	1
утопическими интересами	1
времени обратимостью	1
внутреннее содержание	1
метаморфозы люций	1
генезис ослиной	1
перерождение человека	1
времени циклического	1
избегнуть всего	1
лишена творческого	1
греческий или	1
носят несколько	1
свадьбу в	1
того испытывается	1
исключительных необычных	1
поминальная речь	1
и само	1
образуется между	1
литературе мы	1
некое благое	1
метаморфозы для	1
отдельных мотивов	1
подчеркивается мотивы	1
и незримых	1
и определений	1
и вместо	1
разносятся по	1
целое вследствие	1
образом изолированными	1
измеряется временем	1
ним не	1
мы можем	1
внесла бы	1
и разновременностью	1
формах оно	1
жизни без	1
любви оторванной	1
за эти	1
попытка возрождения	1
противопоставляется слепой	1
довлеют себе	1
формами метаморфозы	1
этой идеально-биографической	1
дневной ч	1
странны редки	1
чужды греку	1
нас и	1
иногда страшной	1
не ту	1
народном медиуме	1
едва судьба	1
а наоборот	1
приватностью ее	1
уголовном процессе	1
романа у	1
о механическом	1
правда сохранились	1
большого биографического	1
декламировать вслух	1
вслух настолько	1
нем уголовных	1
хоть сколько-нибудь	1
из дому	1
романе там	1
возникшее между	1
локализованным было	1
для этой	1
изида которая	1
них до	1
пути или	1
барокко то	1
почти так	1
граничит уже	1
и родство	1
богини с	1
мы пользуясь	1
когда мы	1
очень гибкая	1
он действует	1
установлена наукой	1
испытания выступает	1
на хронотопе	1
конца было	1
началу все	1
того если	1
рассуждения и	1
пространство и	1
имеющее к	1
частное письмо	1
встреча может	1
кэдуоледером в	1
рабле другая	1
и роксана	1
сочетание сохраняется	1
зрения метаморфозы	1
успела бы	1
эквиваленты могут	1
пространственную даль	1
продуктивные вначале	1
экстенсивность конечно	1
романа каким	1
рассказана старой	1
богатого аристократа	1
одного нет	1
из них	1
жизни интересная	1
этой отрицательной	1
именно не	1
произведения прямо	1
с мифологическим	1
метаморфозы которые	1
термин роман	1
клитофонт ахилла	1
ходом делами	1
ежедневному ожиданию	1
существу и	1
и крайней	1
даже минуты	1
литературе нового	1
не ограниченных	1
и дорожных	1
каждом явлении	1
степень определенности	1
похищения бегства	1
люция отдавшая	1
троянском и	1
роман таким	1
один второстепенный	1
глубоко разновременных	1
что им	1
это своеобразное	1
стала частной	1
исторического романа	1
самому еще	1
рассказчиком так	1
ахилл в	1
превращения случайно	1
новелла рассказана	1
люций исключительно	1
и существовал	1
приватным человеком	1
поэтому оно	1
хронотоп так	1
год свадьбу	1
конечно сомнению	1
определяет в	1
процесс и	1
авантюрный момент	1
хронотоп греческого	1
пародия на	1
эры практиковались	1
носит частный	1
некоторых направлениях	1
год и	1
и разнообразнейшими	1
испытания целомудрия	1
бы происходить	1
времена года	1
наблюдать и	1
путешествий но	1
двумя смежными	1
родных областей	1
сказать в	1
составные элементы	1
могла развернуться	1
мистериях античные	1
апулея лишь	1
основные переломные	1
люди инициатива	1
метаморфозы сохраняется	1
увидел ее	1
бесследностью с	1
день нашего	1
можно наблюдать	1
романах вальтера	1
отложить на	1
типа лежит	1
времени происхождения	1
просто бытовая	1
разных контекстах	1
и отец	1
не впрок	1
существовать только	1
сомнений и	1
его судьбы	1
три существенных	1
очень широком	1
чрезвычайно продуктивными	1
раз за	1
внешние испытания	1
приняла под	1
абстрактном времени	1
схему сюжета	1
разобранных нами	1
относительная типологическая	1
играть в	1
оценивающего для	1
дело здесь	1
этому ряду	1
всяком романе	1
этого мотива	1
мы увидим	1
протекало осложненно	1
оболочка метаморфозы	1
процесс этот	1
страшной может	1
чистоавантюрного романа	1
и сильно	1
значительной степени	1
люция по	1
выдерживает испытание	1
смерть его	1
мышление были	1
порядок свои	1
дней пока	1
этом случае	1
человека то	1
построении романа	1
в положенный	1
развивается специфический	1
этого жизненного	1
существу обратимо	1
коротких отрезков	1
густое и	1
вошли в	1
соответствующие жанровые	1
скитания утрачивают	1
миром носит	1
становится художественно-зримым	1
произведения и	1
более опытным	1
всего ряда	1
хода событий	1
его будут	1
все наше	1
различные судебно-уголовные	1
и момента	1
романа сюжетные	1
шарлатанами и	1
о воле	1
ее наблюдает	1
совершенно конкретный	1
нет никакого	1
пересмотр всей	1
интенсифицировано в	1
имеющих строго	1
осваивали некоторые	1
вариантом основного	1
речи автобиография	1
эта идея	1
этим пересечением	1
условиях охарактеризованного	1
частная приватная	1
был удивительный	1
разлука поиски	1
неизбежно сопутствующие	1
внутреннее с	1
с природным	1
но вместе	1
хронотоп где	1
продажа в	1
реальный центр	1
природного пространства	1
всем мире	1
пленения и	1
лагерю по-разному	1
всеобъемлющем хронотопе	1
бытовая жизнь?	1
в ослином	1
подвергается и	1
и натуралистичности	1
и конкретизация	1
человека богиня	1
добродетелей полководца	1
всеми этими	1
могло осуществиться	1
судьбою,претерпев столько	1
в авантюру	1
площадь где	1
ведь всякая	1
праведника святого	1
следы эпохи	1
данной исторической	1
романа восстанавливается	1
проч связь	1
верности влюбленных	1
жизнь по	1
расставание разлука	1
автобиографического самосознания	1
стал придумывать	1
античная площадь	1
действия ничто	1
своим городом	1
неизменными люди	1
подходы и	1
неожиданно поднялся	1
произведений других	1
композиционным моментам	1
оправдание апологию	1
ошибке в	1
нужный момент	1
в полном	1
осла как	1
как безличная	1
существенную критику	1
эрота о	1
следующий день	1
каждой такой	1
страсть тоска	1
чтобы самоубийство	1
рождения генезиса	1
мифологическим эти	1
в самые	1
редкое произведение	1
совершенно приватно	1
руководящие центры	1
и человеческой	1
пролегает по	1
теряют друг	1
типом мы	1
в положительном	1
частной метаморфозой	1
что классическая	1
и снова	1
нет поэтому	1
порядке интимной	1
различных вариаций	1
таково это	1
природного времени	1
эту частную	1
перерождения иногда	1
и реальной	1
счастливого случая	1
романе дан	1
романов этому	1
здесь лежат	1
сменяются века	1
чтобы затем	1
последующее развитие	1
колдуньи фотида	1
при всем	1
выступает здесь	1
немая внутренняя	1
на очень	1
перерождения героини	1
самом содержании	1
ряд пережитых	1
жизни появилось	1
романа эта	1
определенного закрепленного	1
связанные с	1
распространен тип	1
и связала	1
покончить с	1
сами события	1
преемников византийских	1
места губительной	1
поэтому мир	1
необходимые связи	1
жертвы войны	1
мире человек	1
немалую роль	1
него процесс	1
самопрославления и	1
xii за	1
черты образа	1
связан с	1
люди даже	1
как злодеи	1
значительна они	1
чужого создается	1
существенно видоизменяются	1
образа была	1
безоговорочно относить	1
бросается в	1
в мотивах	1
оно обязательно	1
единого и	1
развитие чистоавантюрного	1
либо всем	1
управляется уже	1
дорогой но	1
вмешательства иррациональных	1
относим весь	1
быту чрезвычайно	1
знающего только	1
многослойным и	1
вспыхивают друг	1
связанных между	1
встреча одно	1
по глубине	1
авантюрные события	1
метаморфозы реальное	1
жанрах по-разному	1
которой герой	1
потеря обретение	1
но когда	1
именно случайной	1
раскрывается эта	1
определенной жизненной	1
результате хронотоп	1
без страха	1
она и	1
какие-либо меры	1
центр во	1
сферы которым	1
древнейшее фольклорное	1
по-разному объясняли	1
следствия а	1
исократом как	1
внутреннего единства	1
через итальянских	1
авантюристов поставлены	1
эта схема	1
нем? совершенно	1
например платон	1
стержню характерно	1
моменты определяют	1
на одно	1
под прямым	1
в момент	1
с собой	1
пути ритора	1
этот быт	1
это небольшой	1
формы продуктивные	1
человеческое тождество	1
может наконец	1
разветвление дальнейшая	1
варианте греха	1
подчинен объемлющему	1
от механического	1
дня в	1
побои в	1
нашего плавания	1
апулея этот	1
же метаморфозы	1
похожа на	1
одинаковость биографического	1
жизни фольклорного	1
люций осел	1
чрезвычайно важная	1
результатам в	1
хронотопа созданного	1
бытовых новеллах	1
проявляется весьма	1
лежат и	1
подбирает материал	1
фигурирующих в	1
именно вневременное	1
я хотя	1
изображается на	1
ничего существенного	1
внутреннее немое	1
всего романа	1
греция персия	1
вещи об	1
внешнего чудесного	1
солнце не	1
одно-единственное осталось	1
и звездного	1
по ясному	1
ряду тесно	1
шарп в	1
века являющемуся	1
начала в	1
за силу	1
по реалистической	1
существенные ограничения	1
в организации	1
очерках по	1
целом сюжета	1
приметы судьбы	1
переодевания узнавание	1
момент путешествия	1
ii здесь	1
событии он	1
его всерьез	1
сил судьбы	1
каких-либо вариаций	1
так начинается	1
только подсмотреть	1
и литературного	1
с указанием	1
возмездием с	1
человека выход	1
романе поэтому-то	1
теогонического процесса	1
подытоживаются приключения	1
руководство богини	1
их жизнь	1
отрезки его	1
происхождения и	1
развернуто в	1
три типа	1
имеет прямое	1
идиллию лонга	1
предзнаменованиях о	1
развертывается на	1
особого подхода	1
лирических мотивы	1
живой кончается	1
идея изображения	1
византийских романов	1
самоотчета в	1
способы иногда	1
акт публичного	1
мы это	1
худшими опасностями	1
была уже	1
других образцах	1
заменяется правда	1
этот день	1
тесно переплетаются	1
карьеры приобретения	1
в чужом	1
обратимся в	1
познания жизнь	1
нами особым	1
черта самопрославление	1
определенность и	1
воплощает в	1
актер переодетый	1
их прочность	1
силу превозносимого	1
романа а	1
и туснельда	1
много пространства	1
как они	1
люция-осла в	1
внешне технически	1
характер внешнего	1
левкиппы вдругвижу	1
время хронотоп	1
романа временное	1
остается неизменным	1
создается тип	1
существенные их	1
и случайный	1
совершенно независимо	1
литературе трудно	1
положительно творческая	1
первый поцелуй	1
условно авантюрно-бытовым	1
часы мгновения	1
образу человека	1
страны мир	1
не был	1
определяется неповторимое	1
между византийцами	1
выясняется и	1
низшая сфера	1
рабле на	1
как формально-содержательная	1
и ничего	1
жизни принципы	1
так в	1
нужен и	1
разделения на	1
роль причем	1
связями описываются	1
найденыш быт	1
вне присущих	1
ч п-iv	1
от страдания	1
выгодно для	1
назвать романом	1
проблемы неминуемо	1
всего конкретного	1
этом моменте	1
всяком случае	1
приспособленности к	1
герои которые	1
момента становления	1
отдельные законченные	1
приводя в	1
циклического с	1
романа хронотопичен	1
романе предметам	1
жизни как	1
было отсрочить	1
это инициатива	1
людям грядущее	1
зрячей судьбы	1
особенностью античного	1
конечно нашу	1
осле девятая	1
дополнит и	1
освобождения мнимые	1
чужое герои	1
их между	1
обретение является	1
что видения	1
предметам присуща	1
неизбежно приходят	1
мне любопытству	1
эту черту	1
случаем то	1
особенно важное	1
собой курьезами	1
нами влияние	1
эта работа	1
эллинская черта	1
формы сыска	1
он определялся	1
надгробная и	1
и понимание	1
животное называемое	1
воскресение ведь	1
сказанного ясно	1
особенностями с	1
больших романных	1
за специальным	1
что человек	1
так громко	1
абсолютно неизменным	1
смысле он	1
всего мифологического	1
безобразную ведьму	1
отличие его	1
последующие периоды	1
у погонщиков	1
и братья	1
особенности которыми	1
и объединяющего	1
веков поколений	1
тождество их	1
то он	1
ней места	1
осла плута	1
убежать успеть	1
нем приобретают	1
схема юноша	1
насквозь простилизованный	1
разъединилось стало	1
поэтому быт	1
пути выбор	1
ч v	1
риторики по	1
формы определенного	1
имеющей очень	1
расчленяется на	1
погонщиков он	1
черта его	1
и прерывисто	1
эры назову	1
особенно в	1
бы себя	1
доступные в	1
театральном искусстве	1
его жизненного	1
не умирает	1
дословном переводе	1
человек не	1
ходит по	1
письмо интимный	1
по этим	1
проходящего свой	1
его жизнь	1
здесь характеристики	1
следовательно определенная	1
его характер	1
и незримость	1
речь жреца	1
которых освещает	1
отличного от	1
и перерожденного	1
вплоть до	1
души к	1
муж дорожные	1
этим и	1
это смерть	1
совершенно чистое	1
своей любви	1
более общего	1
ее интимных	1
вопль и	1
искупление здесь	1
выполняет композиционные	1
разрыв то	1
изолированными не	1
эпоху эллинизма	1
i iii	1
дней часов	1
фольклорном образе	1
развернуть вариации	1
показать этот	1
их путешествие	1
противоречия раскрылись	1
огородника у	1
процессе возмездия	1
приватных жанров	1
представляется чрезвычайно	1
поэтому-то вовне	1
я об	1
сохраняет себя	1
к бытовой	1
пункт энкомиона	1
необходимостью поэтому	1
касаемся здесь	1
часы даже	1
процесс перевода	1
здесь мы	1
герои спасаются	1
к выражению	1
переходит в	1
случай случай	1
быт играть	1
делает этот	1
бы один	1
случай рассеивает	1
судьбу человека	1
вовлечены и	1
нами особенностью	1
повседневном быту	1
судьба сама	1
в новелле	1
действие греческого	1
пришел бы	1
жизнь третьего	1
описывается лишь	1
вступит в	1
амбивалентной конечно	1
жизни ее	1
предсказаний и	1
конкретен органичен	1
но образ	1
остается вне	1
эти европейские	1
лучше ее	1
организующим началом	1
социально-политическими философскими	1
у макса	1
частной бытовой	1
что жанр	1
и хронотопическое	1
свое организующее	1
существенную взаимосвязь	1
существенных следов	1
механически складываются	1
путем указания	1
в историографических	1
возможно лишь	1
что единство	1
хронотопы других	1
человек меняется	1
не претендуем	1
в идеальном	1
формами например	1
помещать основные	1
целом время	1
этих описываемых	1
жизненного причинного	1
слова он	1
чистые так	1
конкретного и	1
под вечер	1
вдруг ставшие	1
и сама	1
знает это	1
герой женится	1
из всех	1
мистериях и	1
человек риторических	1
любит открывать	1
нужны большие	1
применяем здесь	1
также вневременное	1
коллективе на	1
интересами далее	1
это уже	1
апулея для	1
другими чертами	1
восточные при	1
осложненного типа	1
временных определений	1
формалистический и	1
создавал пародию	1
например письмом	1
классическом английском	1
жизни на	1
чисто понятийное	1
наконец отчетливо	1
автор поэтому	1
тонкие но	1
различных экзотических	1
хронотоп площадь	1
с жрецом	1
поколений построения	1
апология сократа	1
в те	1
овидия здесь	1
ясным и	1
ищущего раскрывается	1
эта правда	1
судьба зрячая	1
внутренних ограничений	1
во время	1
разделились ядро	1
о чем	1
изолированных явлений	1
логике они	1
художественный хронотоп	1
тебе ни	1
странность и	1
преимуществу элементарно-пространственный	1
мгновений временной	1
парвеню еще	1
уверенный что	1
совпадений и	1
развития притом	1
его существенных	1
критику буало	1
это касалось	1
литературы греховная	1
почти ничего	1
жизненной формы	1
с магическим	1
хронотоп мы	1
весьма позднего	1
ряд то	1
курьезами и	1
уголовные преступления	1
но приглушенным	1
слуги широко	1
в птицу	1
любопытные курьезные	1
эта другая	1
инициатива ограничены	1
она входит	1
организованные общественные	1
времени к	1
античный публичный	1
и вызывает	1
я сделался	1
романа по-разному	1
старости и	1
государство притом	1
авантюрным временем?	1
романа большой	1
где этот	1
ее отличиями	1
и насыщается	1
и казнь	1
абстрактным и	1
к простому	1
чтобы друзья	1
конкретное наполнение	1
наполеонистического парвеню	1
приостановила пытку	1
приметы приметы	1
появляется греческое	1
его существование	1
рубежом серьезная	1
объединяющего отдельные	1
к всестороннему	1
точка их	1
существенное место	1
не переделано	1
глубоко локализованными	1
реальной стороны	1
они сделаны	1
оценивать она	1
организует амадиса	1
всяких сколько-нибудь	1
такого же	1
государство официальное	1
необходимости которой	1
по миру	1
обычно выступает	1
через ряд	1
только частную	1
единого слова	1
момента решающих	1
могло существовать	1
романах имеют	1
опрометчивом поступке	1
но один	1
неожиданно началась	1
которые связаны	1
нового хронотопа	1
vi функции	1
родину обычно	1
превращении моем	1
областях культуры	1
та же	1
жизнь наполненная	1
человека облекалась	1
лукиановском диалоге	1
технической абстрактной	1
толчок к	1
минуту позже	1
биографическое значение	1
метаморфозы виноградной	1
осле апулея	1
эти определяются	1
плутом превращение	1
могила где	1
пробуждением страсти	1
совершенно глухим	1
с эллинистической	1
точность наших	1
расположения их	1
указать на	1
чтобы избегнуть	1
иррациональных сил	1
это повторяем	1
не преминул	1
испытывает прочность	1
образом самого	1
верности ложные	1
контакта в	1
художественно освоенных	1
еще жив	1
произведение где	1
снова упоминается	1
пространства мы	1
стран и	1
человеческая ответственность	1
всех видах	1
зависимости от	1
определив некоторые	1
незримых сфер	1
разбойники и	1
занимательным он	1
пребыванию люция	1
или указывали	1
необычны странны	1
свидетель частной	1
всего человеческого	1
степень необходимости	1
второй греческий	1
культовое развитие	1
и получает	1
случайно рядом	1
было единство	1
жизненной полноты	1
утратили свою	1
рок но	1
без стилизации	1
связей и	1
уже давно	1
не вполне	1
и чудесных	1
притом определяют	1
разветвлений этого	1
типом так	1
не способна	1
различных жанровых	1
имеющего в	1
связан со	1
ограниченная и	1
позволит нам	1
для своего	1
понятна каждому	1
судеб тому	1
литературе оно	1
граней здесь	1
авантюристами трущобного	1
другие авантюры	1
литературе проходит	1
подчиняются и	1
требований предъявляемых	1
своего мира	1
господствует чисто	1
мотиве встречи	1
а самим	1
же социально-политическое	1
с ними	1
романов до	1
произведение имеет	1
сколько-нибудь существенной	1
бури кораблекрушения	1
синкретизм жанровых	1
более реальных	1
свою эпоху	1
и историческое	1
сооружениями произведениями	1
числе эмоционально-ценностные	1
впервые раскрылось	1
романа со	1
в свои	1
публичная целостность	1
развертывается в	1
смертью должны	1
поэтому классическая	1
и жреца	1
создано вновь	1
длительности герои	1
человечества вырабатывались	1
встретиться и	1
сыск следы	1
механический характер	1
с более	1
слышимы.публичная жизнь	1
его влюбленные	1
моментом которого	1
братья карамазовы	1
романа оказалась	1
это с	1
ни положение	1
этот момент	1
принципиальных граней	1
мы привели	1
нельзя преуменьшать	1
потому перестали	1
вне быта	1
ними но	1
препятствующие дальнейшему	1
счел себя	1
разложение этой	1
которого начинает	1
совершенно ясно	1
будущему время	1
в зависимости	1
эрой зевса	1
природным и	1
располагалось в	1
здесь эта	1
юноша ч	1
углом при	1
мотива но	1
преимуществу в	1
необходимости и	1
по родной	1
и подслушивать	1
с дальнейшим	1
или пересказах	1
были бы	1
зевса сменяются	1
живучестью и	1
тип риторическая	1
продолжает играть	1
регистр и	1
писании как	1
он произносит	1
и утратили	1
конечно прежде	1
глубоко различны	1
бы эти	1
но нет	1
одно общеизвестное	1
и освобождения	1
новелле в	1
я занес	1
рядов общим	1
также чрезвычайно	1
образов героя	1
люция с	1
фон уже	1
свет ч	1
что дело	1
оно родилось	1
богатства завоевания	1
по своему	1
сохраняется драгоценная	1
бытовым явлением	1
романов увеличился	1
этот отрыв	1
моменты узнаются	1
и особого	1
более узком	1
возрасте такие	1
в преступлениях	1
нашим анализам	1
их жизни	1
впервые слагалось	1
лишено всякой	1
на дыбе	1
на народе	1
vii раблезианский	1
вторжения нечеловеческих	1
потому клитофонту	1
животные водящиеся	1
скотта отнюдь	1
для наблюдения	1
и конкретности	1
т.д эта	1
географическом фоне	1
для полного	1
эти мотивы	1
можем поставить	1
романе x	1
и существенных	1
не важен	1
небу и	1
искусном изобретении	1
рабом сластолюбия	1
механику все	1
относить идиллию	1
комбинации легко	1
наука все	1
во временной	1
более конкретными	1
самому отличного	1
не употребляется	1
и мистерийно-культовые	1
ему что	1
жанровые разновидности	1
страдания ч	1
шарлатаны и	1
логика определяющая	1
синтетическом романе	1
но увы	1
его во	1
времени человек	1
конкретизация вносила	1
определила и	1
своем движении	1
степенями их	1
случая была	1
локализованными совершенно	1
героев вспыхнувшей	1
природы циклический	1
искать для	1
полноты на	1
эра хроноса	1
и ограничила	1
частью социального	1
ритора сама	1
xvii и	1
идеал ритора	1
герои смоллетта	1
выделим лишь	1
и биографический	1
имеет существенного	1
моментами и	1
проблема истории	1
без исключения	1
не положительно	1
драмы историографического	1
временем здесь	1
таком биографическом	1
внутреннего человека	1
спаслись благодаря	1
роман этого	1
оно плотно	1
бытовыми формами	1
отдельных стран	1
человеческом коллективе	1
встрече в	1
определений раскрывается	1
нам бросить	1
люций но	1
почти нет	1
категория определяет	1
судьбу человеческой	1
быстротою и	1
эта игра	1
героини как	1
жизненным целым	1
он на	1
с моим	1
быть повернуто	1
заменившая собою	1
и т.д	1
разновидности определяются	1
встречи один	1
и связанными	1
священном предании	1
говорится ни	1
те формы	1
элементарно-пространственный характер	1
события определяемые	1
принципиальных различий	1
и мотивы	1
тот специальный	1
сценок и	1
центр образа	1
улучшающая человека	1
эта любовь	1
абстрактный из	1
им событий	1
существу тяготеет	1
у пекаря	1
авантюрно-детективный роман	1
обретение потеря	1
дороги разного	1
представлено в	1
и вступает	1
тот же	1
образ всегда	1
от него	1
уже видели	1
брак приобрели	1
социальные противоречия	1
природы то	1
люций до	1
в событие	1
гибкая жанровая	1
широко развернуть	1
подслушивания как	1
чередование или	1
чисто публичным	1
возмездия искупления	1
ни внутреннего	1
продолжали упорно	1
это плут	1
покровительством богини	1
ярких случаев	1
противоречие очень	1
было чем-то	1
и идеальным	1
островным идиллическим	1
знаем не	1
человека так	1
это просто	1
организующая видение	1
них только	1
и через	1
перерождениями его	1
встречи невозможен	1
вообще начинается	1
как таковых	1
легкомыслие и	1
и единого	1
тайные пружины	1
отрицательной инициативе	1
статичен в	1
временем пространство	1
эта ранняя	1
фольклора превращение	1
выходят из	1
человека географического	1
времени уже	1
сводни для	1
условные и	1
бы платоновское	1
со свадьбой	1
некоторые моменты	1
очистительных обрядов	1
случайны и	1
движутся и	1
есть чтобы	1
приобретает в	1
ядра он	1
и музыка	1
различные религиозные	1
всегда главный	1
примет родных	1
и дням	1
комар который	1
последние есть	1
бы например	1
ядро и	1
судьбы народов	1
бы было	1
оказывается орел	1
остальных богов	1
часть его	1
крайне ограниченной	1
и начинают	1
раскрываются затем	1
интимной исповеди	1
раскрыть то	1
основные измерители	1
восхождения души	1
даже на	1
переодетый аристократ	1
их так	1
те внутренние	1
таинственных благодетелей	1
найдены для	1
дальнейшем что	1
случилось так	1
перед нами	1
ограничивается образом	1
решающих судьбу	1
категории достаточно	1
и перерождением	1
все погибают	1
в людях	1
обеднено и	1
человека мотивы	1
смысле совершенно	1
примет своего	1
мифологической оболочке	1
судебных документов	1
пяти веках	1
юноша и	1
он достаточно	1
они имеют	1
зрячая свет	1
также подбирает	1
реальности моментам	1
он нашел	1
непосредственных преемников	1
торжественного шествия	1
ряд моментов	1
встречи играет	1
его только	1
потому именно	1
тебя приняла	1
двумя непосредственно	1
но вероятно	1
царства чисто	1
предполагают ограждение	1
своей страной	1
призванность избранничество	1
возмездие с	1
невозможен он	1
и роман	1
космогонического и	1
необходимо сделать	1
в последнем	1
характерно слияние	1
собою непосредственно	1
времени время	1
большой живучестью	1
очищенного и	1
здесь открыт	1
встречи к	1
речь заменившая	1
минуты учтенные	1
испытаниягероев в	1
и оправдание	1
с домов	1
созданы три	1
один час	1
стремимся в	1
ту коробочку	1
гете вернемся	1
большой удельный	1
хора они	1
героям нужна	1
жанровых моментов	1
балаганы кабаки	1
место во	1
как осел	1
угоняют осла	1
нашим задачам	1
был тогда	1
здесь слагается	1
мире социальное	1
английском реализме	1
литературе выполняет	1
рядов развивающихся	1
мелкие бытовые	1
конкретности этого	1
он претерпевает	1
случае биографического	1
античное историческое	1
причастны к	1
полуметафорическое или	1
события оказались	1
с третьим	1
события частное	1
облекалась во	1
всей его	1
ролей в	1
те грубые	1
пространство же	1
виде образцы	1
романов сюжеты	1
слово в	1
случаев метаморфоз	1
как разные	1
использует плутовской	1
уже старыми	1
безразлично авантюрные	1
возникла первая	1
греческий человек	1
речи внутреннего	1
энкомиону и	1
различных разновидностей	1
участник его	1
своеобразный романный	1
основе этих	1
побуждали героев	1
в евангелиях	1
конечно в	1
техника его	1
увеличению нет	1
и воскресение	1
поэтому не	1
к выводу	1
а каждый	1
необратимый исторический	1
резко уменьшается	1
бегут то	1
жанров он	1
сонное зелье	1
романа сами	1
достигают вершин	1
оракула как	1
всего они	1
образе античного	1
специфической инициативной	1
нарочитое противопоставление	1
поколений разных	1
он имеет	1
определяется особый	1
женщины и	1
рождению но	1
лежит новый	1
чтобы исполнить	1
эти три	1
степени чувств	1
п наконец	1
до демокрита	1
были совершенно	1
голая абстрактная	1
объединить больших	1
романа нужно	1
классические греческие	1
хотели кн	1
своему жизненно-биографическому	1
одном но	1
как громко	1
отношений художественно	1
поэтому для	1
писать было	1
никаких сохраняющихся	1
претендуем на	1
для пространства	1
ритора и	1
определяется герой	1
поневоле публичной	1
обнажающие природу	1
и оформилось	1
в искусном	1
материале этих	1
до очищения	1
авантюры в	1
блаженство носят	1
словесные выражения	1
бы теми	1
большой почти	1
раздробленности и	1
путей развития	1
и родная	1
зная таким	1
организациях социальной	1
образом я	1
iii эта	1
но основным	1
оценивается положительно	1
жанровое значение	1
случаем равновесие	1
жрец артемиды	1
метаморфозы люция	1
первый назовем	1
важно выражение	1
материала ни	1
положение ни	1
собой поэтому	1
случаю,управляющему одновременностью	1
как особых	1
месте и	1
звено готического	1
хронотопа v	1
его органами	1
колдовством он	1
и наказание	1
овнешненной целостности	1
и риторические	1
предполагает нарочитое	1
следовательно и	1
что воины	1
все вопросы	1
статический хронотоп	1
внутренних пределов	1
научные темы	1
ходульность и	1
почве были	1
боги держат	1
и изолированность	1
и солнце	1
подстерегают выжидают	1
только исключительные	1
золотом серебряном	1
месте описывается	1
ряд здесь	1
заполняющие это	1
их романов	1
энколпия и	1
испытания в	1
более подвергались	1
кэдуоледер совсем	1
основным для	1
люция спасает	1
сам переживает	1
этот новый	1
и шире	1
но самая-то	1
человеческое должно	1
его пастушеский	1
будет эта	1
элементы узкопрофессиональные	1
и прагматически	1
определяет прежде	1
закрыта ее	1
девушки как	1
никаких потенций	1
хэрей и	1
весь так	1
друзьями или	1
как поступить	1
слепой судьбе	1
задерживающие его	1
возраста рабом	1
крокодил ч	1
кратковременные по	1
его абстрактностью?	1
типа во	1
характером самого	1
их то	1
временной порядок	1
другим даются	1
жанр и	1
заплачку тренос	1
и строится	1
солдата у	1
романов равно	1
на старую	1
герои кандид	1
пушкин говорил	1
и биографическое	1
что-то случилось	1
чувств могут	1
вся жизнь	1
сочетаются в	1
мужской половине	1
на мир	1
изолированные вещи	1
лица идеал	1
развернуть в	1
слоев и	1
люди изолированными	1
говорить обо	1
с приметами	1
которой литература	1
замечательная попытка	1
тесно связан	1
одновременностью или	1
временным рядом	1
вещий сон	1
вставные новеллы	1
относительности мы	1
оглавление i	1
и степень	1
особенно у	1
одинокий человек	1
случайности были	1
ограничений этот	1
на точно	1
и фракийцами	1
развития различных	1
идиллическое время	1
очистительной жертвы	1
объясняется и	1
в эллинистическо-римскую	1
очищение то	1
к левкиппе	1
разные виды	1
невесты накануне	1
есть вся	1
преступлениях шестая	1
биографических схем	1
оболочка внешнее	1
по всему	1
почве теории	1
хронотопическое значение	1
последующей жизни	1
больших жанрах	1
мотивом явления	1
построения своего	1
разная нет	1
именно к	1
их вообще	1
смерть схождение	1
освещение их	1
вопли его	1
увенчанный лавром	1
здесь то	1
теогонии то	1
очень конкретный	1
поймали достопримечательногоречного	1
у дидро	1
приобрели бы	1
хронологическом смысле	1
иногда кульминацией	1
люций-осел претерпевающий	1
вневременной и	1
в противоречии	1
еще вовсе	1
человека он	1
обрушиваются вдруг	1
связанный всем	1
характер греческого	1
реальным пространственным	1
случайную одновременность	1
глубокий и	1
затею с	1
диатрибе кроме	1
помощь клитофонт	1
исторических условиях	1
в предлагаемых	1
пространстве бегство	1
развитии романа	1
непосредственное отношение	1
страстью тогда	1
самой жизни	1
героям указания	1
чрезвычайно благоприятно	1
характеризуется художественный	1
здесь почти	1
родной греческой	1
и первое	1
снова и	1
превращения наряду	1
в этой	1
ведь обособленно	1
судно у	1
насыщен что	1
человеческую жизнь,вмешательство	1
очищающая и	1
занимаются самопрославлением	1
только случается.сам	1
умершего сливаются	1
какой будет	1
цикличности которая	1
ни разнообразно	1
ищущего через	1
блаженство именно	1
времени потому	1
убереглись ибо	1
ретардирующие брак	1
случая таким	1
сюжетные и	1
и некоторые	1
всех интимных	1
и рыдают	1
оно было	1
нем почти	1
внезапный мрак	1
из форм	1
сферу частной	1
растворено в	1
героя в	1
образом первое	1
видели как	1
французских реалистов	1
временных рядах	1
место входит	1
божество сохранило	1
и близостью	1
определялись публичным	1
не вымерено	1
весь видим	1
принужден спуститься	1
клитофонт уверенный	1
характера мотив	1
ответить что	1
романа подчиняясь	1
не получившие	1
биографической и	1
и опубликовать	1
это был	1
любопытство но	1
какое-нибудь общественное	1
от пространственного	1
романное время	1
его очутились	1
лучше узнали	1
инициативностью случая	1
овнешненности но	1
отец подготовлял	1
события общественно-политические	1
самая-то долгая	1
мифологического единства	1
исключительно благоприятное	1
буддийском и	1
проявление греческий	1
публично-риторическое выражение	1
народ базар	1
искусства полностью	1
почве мистики	1
неузнавание мнимые	1
себе они	1
постоянно побои	1
всеми нечеловеческими	1
преодолевают пространственную	1
некоторых поздних	1
романные злодеи	1
и смешанные	1
мира такое	1
носит реальный	1
романах кальпренеда	1
мира но	1
изображения целого	1
осложняется чрезвычайно	1
не стареют	1
которых мы	1
в историческом	1
исключительной четкостью	1
исторического человека	1
произведениях мотив	1
события изображенные	1
в теогоническом	1
и бальзака	1
веке вовлечены	1
именно риторико-юридический	1
человеческим тождеством	1
временем безоговорочно	1
ее характер	1
дальше в	1
масштабы для	1
присущи две	1
явления у	1
различные бытовые	1
вина определяется	1
с радостью	1
но слепая	1
типа достаточна	1
подвергались влиянию	1
барокко колебаний	1
v в	1
случайно как	1
рабочий осел	1
и очень	1
разных местах	1
развития одно	1
порождения того	1
различиями сохраняется	1
под звездным	1
слуги имеет	1
и разработан	1
однако этот	1
странам были	1
вообще объединение	1
дает три	1
овнешненности греческого	1
и пересмотр	1
тождество глубоко	1
форм лежит	1
осталось мне	1
хронотоп площади	1
шел девятнадцатый	1
они же	1
после барокко	1
где герои	1
артемиды во	1
самоотчета реальных	1
этим следам	1
быта насилия	1
касалось всего	1
жизни позволяющая	1
во вставных	1
человек а	1
процесс продвинулся	1
жизни роман	1
буря и	1
целом оно	1
пересекают его	1
достаточна некоторая	1
связи в	1
раба а	1
тождество всего	1
свадьбу когда	1
романе арминий	1
чужого подчеркивается	1
поздних риторических	1
себя на	1
мы сосредоточим	1
которые вырабатываются	1
почти изолированное	1
между четырех	1
и активность	1
поиски нахождение	1
продвинулся немножко	1
и обоснован	1
раз попадают	1
античных мистериях	1
формально-содержательная категория	1
на несколько	1
закономерностей и	1
определений носит	1
на мотивах	1
почве в	1
историческом смысле	1
принять какие-либо	1
грек в	1
же подхода	1
являются доминирующими	1
мотивом встречи	1
проникнут одним	1
видим и	1
чистое отступление	1
на том	1
человека распалось	1
разнообразно конкретное	1
стилизации античного	1
публичная же	1
причастный бытовой	1
процесс выработки	1
раскрывающим ему	1
площадь европейских	1
биографическое время	1
и этажей	1
начиналась принципиальная	1
специфическая постановка	1
формально-содержательную категорию	1
сократа специфический	1
органический а	1
неузнания игравшим	1
в каждом	1
вследствие которых	1
смакуется и	1
нам важно	1
вот когда	1
подобный вопрос	1
мире греческого	1
ряде возмездие	1
же мы	1
встречи всегда	1
полностью утратили	1
узкопрофессиональные опять	1
более принципиальную	1
приводит к	1
недавно началась	1
а сластолюбие	1
человека понятна	1
как руководительница	1
и угадывание	1
они здесь	1
выбор дороги	1
относятся только	1
указанием отдельных	1
оно должно	1
благодаря влиянию	1
отрицательным результатам	1
эти публичные	1
классической греческой	1
вперед на	1
бытовые и	1
моментах-эпизодах оно	1
вине поэтому	1
на эллинистически-римской	1
элементов народной	1
технически важно	1
перигрине пикле	1
параллельно этому	1
невесту ложные	1
в мифологическую	1
но за	1
следов никаких	1
лишено единства	1
хронотопе имеет	1
напротив они	1
элементарно биологически-возрастной	1
дозу приключений	1
свойственной этому	1
является чередование	1
и приобрела	1
смены веков	1
невинность героя	1
для романа	1
и превратностей	1
еще недавно	1
не подлежало	1
хронотопов позволит	1
бытия немая	1
меняет в	1
стремится освободиться	1
случайности какую	1
птицы обратила	1
романов движутся	1
романную дозу	1
схеме второй	1
момент но	1
хронотопе является	1
сказали освоение	1
страсть героев	1
исторической поэтике	1
единство конститутивным	1
хронотопа но	1
середины xviii	1
жанрах каково	1
страха и	1
и особую	1
завершился у	1
бытовой ни	1
христианина и	1
петрония дошедший	1
богине нет	1
пространства хронотоп	1
в несокрушимое	1
этом бытовом	1
разработанный тип	1
паразиты подсматривающие	1
возлюбленных других	1
за всеми	1
звено цепи	1
существу нет	1
он проделывает	1
узнавание неузнавание	1
сохраняется именно	1
всего далью	1
целостности и	1
достаточно энергии	1
авантюры и	1
предметы в	1
навлекает на	1
еще достаточно	1
следов таков	1
грека в	1
в священном	1
повторения периодического	1
смысл греческого	1
на общую	1
них совершенно	1
сооружения вне	1
результате всего	1
разработка этого	1
нанизываются друг	1
клитофонта попадает	1
ряда наконец	1
к известной	1
смыкается с	1
обладает в	1
обстояло иначе	1
жизнь или	1
относительность в	1
содержательному стержню	1
все действия	1
из разновидностей	1
пространстве под	1
первых европейских	1
открыт во	1
нет исходный	1
абстрактности которая	1
культур не	1
судьба имела	1
внезапно возникшая	1
опасную затею	1
достопримечательногоречного зверя	1
именно жизненный	1
место занимают	1
эту проблему	1
занимают судебные	1
иной объемлющей	1
романах романных	1
раблезианский хронотоп	1
узнания мнимых	1
о которых	1
этом ее	1
встреча расставание	1
и важная	1
и самоотчета	1
составная часть	1
случая начальная	1
от ослиной	1
эллинистической диатрибе	1
в отдаленности	1
посредствующее звено	1
которых различные	1
единству пространственно-временных	1
пары бегство	1
использования судебно-уголовных	1
друга снова	1
в брачном	1
форма временного	1
переживаемых им	1
романа наиболее	1
условно в	1
автобиографий и	1
но ищущих	1
типологическая устойчивость	1
греческую трагедию	1
свой жизненный	1
этим роман	1
составляет все	1
естествознании и	1
казни прежде	1
разновременности но	1
образом укажу	1
xiii xiv	1
ни ядра	1
на композиционно-организующем	1
событий прерывается	1
ведущего начала	1
софистики поэтому	1
слуга свидетель	1
это бытовое	1
показаний признаний	1
описываются нравы	1
обходится без	1
всего самую	1
подтвердило проверило	1
заблуждения ошибки(в	1
распалось и	1
но неопределенное	1
возрастной длительности	1
откуда смотрит	1
но античная	1
событиях и	1
эта носит	1
схеме имеющей	1
грешника до	1
как под	1
совмещается это	1
слова эта	1
преодоление дали	1
или причинно	1
решающее значение	1
от оков	1
упрека эта	1
стал многослойным	1
наполняющие его	1
и приватностью	1
форме защитительной	1
прославляемого лица	1
все государство	1
и техника	1
большой благодарностью	1
опубликования напротив	1
вечер благодаря	1
энкомиона определила	1
путь перерождения	1
как самого	1
появилось очень	1
и первый	1
тип испытания	1
этом сочетании	1
человека распадалась	1
у геродота	1
функции и	1
ищущего расчленяется	1
и принуждены	1
со слугами	1
крестьянин-парвеню авантюристы	1
блаженного августина	1
не оказалось	1
встречи во	1
не предполагает	1
мирового доклассового	1
европейские разновидности	1
пути люция	1
др или	1
ему района	1
по себе	1
уже отвязать	1
красивые вступают	1
изолированных людей	1
нем самую	1
к образу	1
отца клитофонта	1
был поражен	1
и человек	1
с которым	1
плута и	1
сатирикон ближе	1
этого и	1
особенностей и	1
тем и	1
нечто на	1
целостный характер	1
читать про	1
основы этой	1
изучать эту	1
но ему	1
объединение в	1
риторическая деятельность	1
человеческого бытия	1
есть площадь	1
наблюдает иногда	1
самим человеком	1
обоснован на	1
определенных очистительных	1
в литературоведение	1
является здесь	1
жизни выходит	1
слышим весь	1
иные построенные	1
громадном разнообразии	1
сгущенными хронотопами	1
своей жестокости	1
восточных культов	1
испытав коловратности	1
характеристики романных	1
тому вневременному	1
овидия для	1
процесс освоения	1
хотя мотивы	1
самопрославлением устанавливает	1
по ошибке	1
нужно особо	1
поэтому же	1
этому вопросу	1
природы например	1
отличается от	1
требующая от	1
осмысления и	1
с этими	1
среди тех	1
европейских городов	1
совершенно абстрактны	1
случайности с	1
влияния мистерийной	1
из одних	1
дальнейшая жизнь	1
следовательно включается	1
сюжете даются	1
античного самосознания	1
есть со	1
нам важны	1
и глубочайшее	1
чужое в	1
очень много	1
в первый	1
ребекка шарп	1
встречается нам	1
начинается с	1
эти последние	1
что происходило	1
сами авантюры	1
и много	1
приобретают новое	1
насилия воровство	1
причем этой	1
вещи и	1
выражение большинство	1
родителей если	1
типов в	1
мистерийной элевсинской	1
не занимающий	1
своей хронотопичны	1
мы говорим	1
времени лежат	1
уплотняется становится	1
рода предсказания	1
авантюрно чрезвычайно	1
сплетающееся с	1
меры против	1
там отплывающее	1
война,получают свое	1
освоенных сторон	1
свойства и	1
событие имеющее	1
иные закономерности	1
и бытовыми	1
другой тип	1
исократа оказавшая	1
ее события	1
не вызывает	1
это внутреннее	1
отвлекаемся от	1
увидим далее	1
связей со	1
реальных человеческих	1
описывается как	1
существенным временем	1
целым отдельные	1
мире ни	1
героя притом	1
нужны суша	1
один день	1
осмысленном и	1
публичного все	1
земле а	1
роли которую	1
искупление роль	1
iv проблема	1
разновременностью но	1
бытия как	1
дидро он	1
проч характер	1
ряды они	1
будет море	1
речного коня	1
энергии для	1
соответствует и	1
эта постановка	1
образом и	1
жена пекаря	1
дошел но	1
меняющий различные	1
может раскрыться	1
эпохи начинается	1
поэзии другие	1
любовной верности	1
площади но	1
природой и	1
в мире	1
созерцать судить	1
исключительно глубоко	1
своих родных	1
идеальная форма	1
проститутки сводни	1
осла особо	1
форм или	1
или три	1
и внутренне	1
их самих	1
сводни слуги	1
явлений глубоко	1
и познания	1
земледельца этим	1
испытание в	1
всю во	1
не будь	1
указывали здесь	1
отлично слышал	1
прибыть к	1
других диковинок	1
у лесажа	1
моей одно-единственное	1
высшие инстанции	1
почти противоречивым	1
когда вольтер	1
др не	1
жизни наконец	1
подслушать литература	1
для апулея	1
просветленный люций	1
объемлющему и	1
и нюансами	1
эта несвязанность	1
глаза проявление	1
это заменяется	1
авантюрном романе	1
греческого мировоззрения	1
между собою	1
говорили всякое	1
своеобразное тождество	1
исключительно лишь	1
и наполнены	1
в социальном	1
этого произведения	1
метафорическое значение	1
воскресения и	1
конечно одну	1
уголовных преступлениях	1
чтобы быть	1
а следовательно	1
обращения о	1
выработанные и	1
освещает не	1
содержание стало	1
до середины	1
знакомого в	1
разработала ряд	1
мне утешение	1
осуществляется путем	1
ушел из	1
чтобы очутиться	1
перевезти свою	1
о специфической	1
положенный счастливый	1
друга во	1
спальню к	1
квалификацию в	1
характер носит	1
начиная с	1
явлений или	1
обладает определенным	1
за несколько	1
биографическом времени	1
серьезная работа	1
далее самый	1
авантюрно-бытовых романов	1
своем дальнейшем	1
стал получужим	1
не установлена	1
клитофонта было	1
и составляет	1
на первый	1
эпохи немые	1
частью жизненного	1
человек случая	1
др слуга	1
до жиль	1
на обычную	1
описанным в	1
определяют всю	1
биографий не	1
ближайших и	1
пути сократа	1
от классического	1
и нетворческий	1
античные мистерии	1
случается.сам он	1
данные нами	1
том специфическом	1
иной основе	1
стоящий особняком	1
схематичности оголенности	1
подвергая тебя	1
они совладать	1
античный роман	1
от ранга	1
используют различные	1
они неожиданно	1
и детально	1
обвинения в	1
погиб рассказывает	1
допустимости одного	1
страсти друг	1
вариаций мотива	1
известно например	1
созданные самим	1
и определяет	1
наиболее резкое	1
влюбленных похищение	1
место слияние	1
жен жена	1
путь лишь	1
особенностях народно-сказочного	1
угодно никаких	1
подразумеваемый свой	1
не героям	1
схем энкомиона	1
рыдает в	1
апулея статичен	1
чуждого и	1
самим героем	1
определенные формы	1
сменяется эрой	1
платоновским типом	1
остаются низовыми	1
всякой инициативы	1
далеко было	1
такою удивительною	1
этот тип	1
которого и	1
романах есть	1
будем говорить	1
нас этот	1
присуща эта	1
дурака в	1
не считаясь	1
проникнуть в	1
процессии снова	1
и объявляют	1
жизненной деятельности	1
детально разработанным	1
моментов это	1
самый путь	1
известны в	1
испытала бы	1
причалы на	1
к нормальной	1
причинно осмысленный	1
тримальхиона и	1
часто любит	1
войны между	1
целом осмысливается	1
служит своя	1
и биография	1
дорожные встречи	1
приобретают совершенно	1
конкретное единство	1
его утратив	1
используя формы	1
аристофана да	1
уже прямо	1
авантюр не	1
древнюю заплачку	1
городе и	1
сохранились но	1
всегда выходят	1
началом в	1
жертвы когда	1
опытным для	1
героев например	1
состав этой	1
аристократа разбойника	1
шатре так	1
любопытству как	1
третий день	1
редки потому	1
когда нам	1
оставляющее все	1
подобных явлений	1
постельные секреты	1
примитивной психологии	1
романа риторики	1
путь снизу	1
каким должен	1
защитительные и	1
всем описанным	1
нашем обзоре	1
другу и	1
звезду но	1
отчету здесь	1
родного дома	1
к истинному	1
магический характер	1
имел далее	1
хронотопа доступные	1
конце наших	1
сосредоточим все	1
роман очень	1
всевозможные соблазны	1
анализа трех	1
изучает во	1
оказывается живой	1
особенности позднем	1
времени всякие	1
ее окончания	1
чувствует себя	1
свойств и	1
анализ не	1
его моменты	1
интимных сторон	1
одухотворено и	1
фигуры третьих	1
благоразумным то	1
бродяги в	1
защитительную речь	1
значение любовной	1
важная проблема	1
одиннадцатая и	1
событием они	1
приговорили к	1
зрения частного	1
переплавлены и	1
неминуемо должны	1
с неожиданными	1
проблемы и	1
время распадается	1
пользовался греческий	1
маску но	1
пространство осмысливается	1
они есть	1
время приватный	1
от них	1
целостности оно	1
руководствуется все	1
авантюрное и	1
и левкиппе	1
гораздо более	1
могло найти	1
раз вдруг	1
необузданный сластолюбивый	1
энкомиона идеальный	1
жизнь героя	1
в беседу	1
эпохи разные	1
ибо оно	1
была лунная	1
самотождественность.во всех	1
собой соответствующий	1
потянется после	1
терпит постоянно	1
о власти	1
исторического хронотопа	1
остались бы	1
другое какое	1
подчиненная таким	1
война так	1
героя эта	1
биографического произведения	1
сплошь овнешнен	1
и боги	1
риторически построенные	1
причем в	1
что гордое	1
схронотопом дороги	1
днями и	1
нас не	1
маленьких бытовых	1
необходимость эта	1
народной сказке	1
своей природе	1
не сплетается	1
и разных	1
его влияниям	1
тоже остаются	1
мучительной жизни	1
сбросив личину	1
исправит данные	1
приметы человеческого	1
хронотопе совершались	1
социальной и	1
нашел наиболее	1
немых и	1
знаменитой сцене	1
суд вся	1
которых и	1
носили в	1
но существенные	1
или публичного	1
чужого конечно	1
сама случайность	1
сферы жизни	1
личинами неизбежно	1
метафоры жизненный	1
быть предусмотрены	1
зрения этого	1
процессе эра	1
втором типе	1
минуты и	1
этом ряду	1
и определяющих	1
моментами природной	1
публичным человек	1
приключения влюбленных	1
хронотоп их	1
форме еще	1
неразрывное единство	1
переводе эфиопская	1
незавершенным особенно	1
на немой	1
римской эпохи	1
дошедшие до	1
не стремимся	1
и власть	1
публичное единство	1
носит внешний	1
романе более	1
конечно чтобы	1
же мало	1
лишенным всяких	1
результате всех	1
целого обнимающего	1
публично-риторическое освещение	1
безличная не	1
часто хронотоп	1
началась война	1
и принять	1
многообразие становится	1
где в	1
время исключительных	1
дает основные	1
самоопубликования и	1
преследованию злых	1
положения полководца	1
и изоляцию	1
в немые	1
этого меняется	1
с точки	1
и кораблекрушение	1
подслушивание такова	1
непристойности но	1
это пустое	1
два смежные	1
характер данного	1
последнем счете	1
изолированные самодовлеющие	1
и которые	1
птицу дала	1
действия таинственных	1
к данному	1
характеру инициатива	1
упорно существовать	1
общественно-политического значения	1
диковинные вещи	1
лишенный всякого	1
доминирующими спешим	1
особый характер	1
метаморфозы как	1
абстрактная экстенсивность	1
кризисных моментах	1
очищения искупительными	1
мотивы как	1
на ошибку	1
и при	1
о человеческих	1
первоначальную лапидарную	1
прямо ко	1
жизни моей	1
определенные стороны	1
его хронотопа	1
научной и	1
нужном месте	1
обычай ни	1
быту это	1
вполне уяснена	1
этом и	1
отвлеченно взятые	1
движение получил	1
странах разделенных	1
игры из	1
особенности же	1
типу плутовского	1
есть по	1
громадной важности	1
врачи роль	1
быть образ	1
сложнейших положений	1
эпохи то	1
раскрываются уже	1
героев не	1
образа очищенного	1
время кораблекрушения	1
эти изолированные	1
жизни игру	1
всего отталкивающего	1
он вступает	1
сопутствующие ему	1
и постараемся	1
произведений искусства	1
его раскрываются	1
неизвестное место	1
присутствии которого	1
различные конкретные	1
отталкивающего один	1
по врожденному	1
чужих стран	1
сократа и	1
и федон	1
сливается у	1
романе необычны	1
освоенных в	1
физические люди	1
свое родное	1
авантюриста парвеню	1
и основной	1
переделано не	1
профессиональное самосознание	1
риторических и	1
жизненного ряда	1
не похож	1
напротив оно	1
на самоубийство	1
и угоняют	1
второму типу	1
вергилий от	1
секреты частной	1
жизни устройства	1
случайности вообще	1
но ей	1
которым человек	1
третьего по	1
идеологическую глубину	1
значительность образа	1
петроний iii	1
внезапной и	1
процесс на	1
здесь сгущается	1
браками как	1
воздействия всех	1
как беседа	1
платон понимал	1
в нужном	1
предмет довлеет	1
элементы чисто	1
парвеню артиста	1
известны большую	1
стороны он	1
обрядов и	1
овнешненности публичного	1
и внешние	1
опять с	1
человека с	1
макса шелера	1
многие произведения	1
и являются	1
вершин частной	1
человеке и	1
ведет себя	1
левкиппа попадает	1
от былой	1
и упрека	1
плана от	1
один ряд	1
практиковались различными	1
не совсем	1
прочим не	1
видимо и	1
свое значение	1
встречи схронотопом	1
местах неразрывное	1
подробно изображается	1
данном месте	1
нем мифологическое	1
этих элементов	1
локализован в	1
трагедию не	1
образа одного	1
платоновской схеме	1
герои встречаются	1
особенности жизненный	1
изображения кроме	1
материал а	1
пору людям	1
мотивов встреча	1
испустил вопль	1
интимнейшие секреты	1
группой своим	1
от казни	1
все чужое	1
испытания термин	1
жанр достигается	1
на вещи	1
полностью но	1
полон подобных	1
как составляющий	1
платона как	1
внезапная страсть	1
на определенной	1
вырабатывались только	1
энциклопедичности вообще	1
тогда освобожден	1
следующее эти	1
знаком не	1
неустрашимость реже	1
шествия таким-то	1
или целевого	1
неожиданно увидел	1
обязательно дает	1
оформилось автобиографическое	1
времени разножанровые	1
характером но	1
античных форм	1
конечно действуют	1
публичного самоотчета	1
железном необратимый	1
включая римскую	1
и может	1
художественное единство	1
носит в	1
препятствия и	1
люция быт	1
анализах мы	1
древнейших сюжетообразующих	1
психологии и	1
маячит образ	1
для кораблекрушения	1
в пустом	1
произведениями искусства	1
греческому энкомиону	1
как беседу	1
риторы специально	1
из сказанного	1
роман дает	1
мы остановимся	1
существовал весь	1
или до	1
к перемене	1
нет но	1
бесконечный ряд	1
классической почве	1
всего изображения	1
оно ничего	1
является не	1
по этому	1
разыгрывающего все	1
материал по	1
незримость проникли	1
плакали но	1
о театральном	1
не имеющих	1
которые механически	1
полководца царя	1
целом а	1
жизнь которая	1
вносила бы	1
дается судебно-юридическое	1
превращением цезаря	1
того пребывание	1
проститутка и	1
страну похитителям	1
каких формах	1
мне шел	1
историографического жанра	1
условиях греческой	1
литературного наследия	1
миру греческих	1
артамен или	1
абстрактны для	1
завязкой иногда	1
в хронологическом	1
для этого-то	1
нем такие	1
его простой	1
события существенные	1
он лишен	1
но его	1
образом стремится	1
известной энциклопедичности	1
на чужой	1
в русском	1
оказывается менелай	1
развивающихся у	1
вовне быть	1
и фон	1
реальности существенную	1
служит завязкой	1
месте заклания	1
временных примет	1
успеть то	1
и необратимое	1
чудесного граничащего	1
выгоду судьба	1
у которого	1
они всецело	1
вот люций	1
полноте материала	1
хронотоп дороги	1
фольклорная реализация	1
на дорогу	1
время сильной	1
процесс остался	1
абсолютно готовы	1
однородными но	1
неизбежно приобретают	1
века поколения	1
возрождения античной	1
трудами потянется	1
самых универсалыных	1
произведения сатирикон	1
лежит совершается	1
время каков	1
особенно остро	1
кладется идеал	1
особенности во	1
с которой	1
слышимо тем	1
слагается новый	1
другой жертвы	1
и всевозможные	1
охотно плакали	1
оно не	1
пастушеской отчасти	1
рабство мнимые	1
физический субъект	1
он внутренне	1
действительности та	1
к пелусию	1
более общим	1
смысле первый	1
но такая	1
сменяющего различных	1
всех слоев	1
человека когда	1
сюжетом этого	1
предотвратить удары	1
для третьего	1
путешествий одной	1
последующим установлением	1
видения осведомляли	1
точно ограниченные	1
то углубляться	1
изменений не	1
преимущественно как	1
простой народ	1
романов расходились	1
органическом человеческом	1
двух пар	1
несдержанным герои	1
например молль	1
это особая	1
ничего для	1
где все	1
старой сводней	1
сцену или	1
классы и	1
в больших	1
мышление мотивов	1
дело изолированных	1
между публичностью	1
выходит юноша	1
его родные	1
конкретными и	1
слияния временных	1
хронотопов i	1
совершенно нового	1
основном человеческим	1
черта отнюдь	1
слова оракула	1
поэзии от	1
этом свое	1
исследователей о	1
зрения телесно	1
сложении этих	1
оболочки ни	1
как ритора	1
мира может	1
никакого немого	1
любовной элегии	1
одно это	1
честь богини	1
первый образ	1
исключительная постановка	1
превращение наряду	1
но такова	1
лонга некоторые	1
этого реального	1
зерна аналогичный	1
наблюдения тайников	1
отсутствуют всякие	1
же моментов	1
политического человека	1
романах меняется	1
с испытанием	1
viii фольклорные	1
всю его	1
отсюда и	1
этой схемы	1
системах и	1
затем последовательно	1
ход событий	1
бы он	1
в третьесортной	1
получил бы	1
и обычаев	1
попадаются еще	1
с самого	1
ни оголено	1
просвещает даже	1
ибо среди	1
человеке так	1
логикой эта	1
было от	1
движется в	1
лиц защитительные	1
имеются существенные	1
в государственной	1
играют громадную	1
античных типов	1
специфический ряд	1
своя линия	1
всякие приметы	1
половая сфера	1
моменты конечно	1
в корне	1
сластолюбивый праздно-любопытный	1
актами публичного	1
царство идей	1
исказили его	1
такие мотивы	1
начинается это	1
публичный политический	1
раскрывается это	1
ко мне	1
внутри каждой	1
образы одного	1
разливается по	1
другом и	1
некоторые особенности	1
романе именно	1
эллинистическо-римскую эпоху	1
во власть	1
есть было	1
после них	1
ним у	1
живой реальности	1
скотта вместе	1
собственно народном	1
случая разного	1
биографическое самосознание	1
передана вера	1
искупления бытовое	1
понимании платона	1
некоторая примесь	1
как судьба	1
биографический роман	1
осел он	1
воспринималась бы	1
отходят от	1
в звучащей	1
стареют в	1
слагаются в	1
земледельческое бытовое	1
неуместным любопытством	1
каков его	1
превращения тождества	1
становления поэтому	1
героев ни	1
начинается и	1
классическом чистом	1
процессы судебные	1
еще вернемся	1
этом конкретном	1
господствовавший в	1
скачкообразного с	1
секреты приватной	1
культур в	1
философия где	1
но благодаря	1
переломных кризисных	1
произведение обходится	1
дошел полностью	1
это авантюрно	1
к греческому	1
уже биологически	1
утешение развлекаться	1
играют встречи	1
святость авантюрно-бытовой	1
в первых	1
дает масштабы	1
изолированными и	1
их правда	1
усложнились и	1
человека притом	1
типе изображается	1
природа для	1
романе осложненного	1
движение точка	1
значение всем	1
оно прежде	1
смертей и	1
пространство становится	1
жертвоприношения участники	1
существенных элементов	1
к роману	1
героев это	1
узком смысле	1
самосознание его	1
судебно-юридическое выражение	1
исторических судеб	1
низовыми авантюристами	1
всего бросается	1
внешне-формальный судебно-риторический	1
роман благополучными	1
площади он	1
логике в	1
раскрывается еще	1
энкомион гражданская	1
болезнь однако	1
ищущего на	1
распадалась и	1
немая скорбь	1
девятнадцатый год	1
люция-осла исключительно	1
верховной богине	1
старыми и	1
этим силам	1
душистое как	1
напротив именно	1
египте или	1
его от	1
в средневековом	1
автобиография и	1
именно хронотопом	1
лирических излияний	1
это отношение	1
двумя точками	1
далее в	1
были известны	1
во французском	1
образом авантюрный	1
опубликованию необходимо	1
роман уголовный	1
возвращаемся к	1
как апология	1
рассказы об	1
бегство построено	1
и гибкими	1
случае хотя	1
наполненная соблазнами	1
последующем в	1
человеческая жизнь	1
организующий реальный	1
смежными биографическими	1
такая приватная	1
выражением того	1
самосознания определяется	1
в низкий	1
плачут и	1
времени конечно	1
браке такова	1
и оценки	1
осмысленный ход	1
публичный апологетический	1
необратимый и	1
здесь важен	1
процесс играющий	1
этого полового	1
греческому авантюрному	1
самоубийство я	1
собой в	1
корне меняет	1
быть никаких	1
совершенно однородные	1
и чужую	1
важны лишь	1
указывали описываются	1
от конкретного	1
частного интереса	1
сюжетное движение	1
человека знающего	1
становится конкретным	1
как только	1
и случайных	1
другими жанрами	1
также в	1
функциям роль	1
факт что	1
третьесортной романной	1
носит так	1
них протекал	1
неизменность на	1
эпох в	1
оборот конечно	1
реальности греческий	1
явлений неразрывно	1
говорим о	1
их переместимостью	1
нужно декламировать	1
героев на	1
изображается лишь	1
носить по	1
связала бы	1
раннехристианской житийной	1
осложняет историко-литературный	1
жреца этим	1
должно иметь	1
вернуться к	1
и рода	1
также необходимо	1
метаморфозу то	1
моим присутствием	1
омертвевшие к	1
существование в	1
пространственному движению	1
метаморфозы перемена	1
мудрого предвидения	1
времени сами	1
незримые центры	1
с приамом	1
раскрывается опубликовывается	1
одиночество частный	1
это противоречие	1
ведущим началом	1
научного характера	1
жизни к	1
быту он	1
авантюрного временисо	1
их тоже	1
развитие европейской	1
нужна абстрактная	1
не на	1
здесь ясно	1
всего длинного	1
и греческий	1
получает существенное	1
самопрославления таится	1
роман ii	1
противоречии с	1
мы положим	1
осла люций	1
находят снова	1
испытания которым	1
и измеряется	1
только изолированным	1
не принимающий	1
последовательная логика	1
служит знаком	1
условиях греческого	1
общим является	1
между подходом	1
жизнь? бытовое	1
совокупности не	1
литературного канона	1
и выбора	1
формы лишь	1
улик следственных	1
частности у	1
романе занимает	1
содержится идея	1
даже самая	1
случая не	1
абстрактности схематичности	1
мы отвлекаемся	1
инверсии и	1
он развязал	1
изменило но	1
в совокупности	1
разошлись сохраняется	1
городом своей	1
раритетов этого	1
бытовой комедии	1
читателей на	1
зрячая то	1
хронотопе чужой	1
различных образа	1
следующий год	1
времени непосредственно	1
авантюр лежит	1
был весь	1
вольтер в	1
в ходульность	1
значение можно	1
значит в	1
аристид также	1
пространство наполняется	1
бы дипломатические	1
различных хозяев	1
в другое	1
основе была	1
его логика	1
необходимо начать	1
трущобного мира	1
единство целого	1
пародийным мотивом	1
пространства доступные	1
апулея затем	1
эти самодовлеющие	1
всем как	1
тебя разбойникам	1
особенно через	1
более существенных	1
они их	1
виды предсказаний	1
них о	1
перечисление свойств	1
данных исторических	1
не авантюрного	1
видел след	1
ряда коротких	1
низкий быт	1
замкнут и	1
иметь место	1
поэтому-то ему	1
и аскезы	1
возвращается муж	1
а обнажающие	1
и достигают	1
позже имеет	1
различных степеней	1
в данное	1
изображении своего	1
стороне первый	1
египет вавилон	1
биография в	1
форме мышление	1
человеческий характер	1
для которой	1
главном моменте	1
бейрутской гавани	1
равновесие все	1
ничего что	1
гражданско-политическими актами	1
экзотического чуждого	1
аналогичную по	1
особенности некоторые	1
у люция-осла	1
подготовлял на	1
распалось тацит	1
через самоуверенное	1
которые как	1
носа их	1
определяют жизнь	1
чтобы успеть	1
жизни есть	1
приметы времени	1
всякое событие	1
элементов мотивов	1
года разных	1
автобиографических форм	1
в реальный	1
врожденному мне	1
их изучать	1
нами авантюрного	1
или прямо	1
другом совершенно	1
различий между	1
и следствия	1
сменяются времена	1
момента у	1
романа хотя	1
родство с	1
сложившийся во	1
подразумеваемого своего	1
но некоторым	1
может строиться	1
необходима для	1
четкостью причем	1
значения ведь	1
шута дурака	1
как я	1
вначале закреплялись	1
элементы общественно-государственные	1
перевода целых	1
поднялся шум	1
более существенным	1
испытания сюда	1
готического романа	1
полностью сохраняет	1
остальном эта	1
не случай	1
обычные препятствия	1
него также	1
любопытством он	1
времени лучше	1
на европейской	1
препятствуют самоубийству	1
инициатива принадлежит	1
и чужой	1
всех его	1
романные таинственные	1
истории авантюрного	1
ряд смены	1
конечно от	1
примыкают и	1
узнавание играли	1
тому времени	1
выступает рассказчиком	1
десять-пятнадцать раз	1
исповеди эта	1
власть в	1
романы философия	1
и овнешнено	1
самосознания человека	1
его уши	1
изменяющее их	1
отвлеченной форме	1
человек всегда	1
приватно-индивидуальный характер	1
конечно какая-то	1
собою в	1
которые оказали	1
и подходом	1
пределов такому	1
и неподвижны	1
зримо-наличны и	1
народом быть	1
они всегда	1
характер этот	1
коснуться одного	1
собственной и	1
и за	1
бросить свой	1
полностью отсутствуют	1
предоставляющая решение	1
характеризуют изображаемые	1
в таких	1
благоприятное поэтому	1
иногда сам	1
блаженству ккоторому	1
неповторимое своеобразие	1
спросим чем	1
невеста отец	1
свою первоначальную	1
проходит не	1
внешний характер	1
логика логика	1
неузнание и	1
в звезду	1
метаморфозы достаточно	1
посвящения приступает	1
сюжета бы	1
ролей-масок плутом	1
в франсионе	1
далек от	1
очень далекое	1
путь сократа	1
романе их	1
таково основное	1
xiv и	1
занят этим	1
его мистерийное	1
лапидарной и	1
бездейственно в	1
лавром его	1
она наполняется	1
по источникам	1
природно-мифологических циклов	1
дробит и	1
глубоко сочетаются	1
частично пользовался	1
всех классических	1
священном писании	1
активности таким	1
о жизни	1
с узлами	1
что даже	1
разным чужим	1
произведения которое	1
быту частное	1
идея эта	1
других жениха	1
поэтому романный	1
официальное общество	1
определений только	1
прибавило поэтому	1
их мифологического	1
соединением возлюбленных	1
условиях не	1
целым но	1
та религиозная	1
юношеское легкомыслие	1
госпожи нам	1
явлений нет	1
и косвенной	1
этих условиях	1
абстрактностью? дело	1
обычно проходят	1
встречаемого наконец	1
завоевать царства	1
секретов и	1
аналогичные явления	1
всех сторон	1
технически лишь	1
пиратов плен	1
термины сюжета	1
сложный почему	1
сказали необратимый	1
вдругвижу ночь	1
оно распалось	1
степени организует	1
не характеризуют	1
разбойника и	1
же свежие	1
является понятие	1
но какое	1
слезах и	1
жизни прославляемого	1
вне этой	1
форме и	1
человека для	1
лишь крайне	1
и тот	1
в хронотопы	1
жизни попадаются	1
сны предчувствия	1
от космического	1
школ с	1
и рассказываются	1
августина нельзя	1
достаточно далек	1
дома на	1
моменты его	1
объектов вообще	1
он становится	1
достигается освоение	1
отсюда становится	1
моментами ровно	1
очень важное	1
предчувствия сонное	1
развитием на	1
нами здесь	1
рядам чтобы	1
она не	1
уже у	1
одном конкретном	1
появилось лишь	1
испытанной любви	1
носят внешний	1
оттенки в	1
лиро-эпический хронотоп	1
романов лишено	1
существенные отличия	1
подхода и	1
человеческой же	1
существенно ограничена	1
состояться сразу	1
к отцу	1
жанрах фигура	1
федон этот	1
риторико-юридические моменты	1
произведениях к	1
приобретает характер	1
эллинистической включая	1
и формы	1
в данных	1
себя частью	1
сказке образ	1
есть поднимаются	1
литература подсматривания	1
по кругу	1
легкомысленный необузданный	1
которая внесла	1
против них	1
за перенесенным	1
народов царств	1
жанра что	1
ни происхождение	1
бытовым временем	1
встречаются в	1
и особенности	1
со всех	1
психеи а	1
она гармонически	1
мы проследим	1
три различных	1
мы имеем	1
с природой	1
тонко разработанный	1
далее человек	1
литературной формы	1
тех историй	1
возвращения одних	1
люций люций-осел	1
есть одна	1
осел в	1
о сплошной	1
уяснения образа	1
судебно-юридическое подтверждение	1
пережитых героем	1
сколько потребуется	1
появились и	1
петрония как	1
и неизгладимый	1
времени а	1
на цепи	1
пришлось отложить	1
в предыдущем	1
авантюрно-бытовой план	1
моем единственно	1
жанрах античной	1
событиям частной	1
развернуться нужно	1
изобретении сложнейших	1
помощью гаданий	1
но состав	1
античность вообще	1
истории приметы	1
их служит	1
становления роста	1
их характерах	1
и стали	1
составить сводную	1
и государственной	1
он ни	1
поэтому за	1
переходим ко	1
других дошедших	1
сковала бы	1
с реальным	1
гомера представляется	1
вовне притом	1
понимаем как	1
получило бы	1
странные животные	1
говоря об	1
из разветвлений	1
термин этот	1
человеческие измерители	1
случайности предназначенную	1
романе приватный	1
романе другой	1
могли бы	1
