в том что	9
древней аттической комедии	6
между и гг	6
и т п	5
к тому же	5
с другой стороны	5
в народном собрании	5
в то время	5
в одном из	4
в то же	4
schol ad av	4
в конце концов	4
то же время	4
годы пелопоннесской войны	4
в этой комедии	4
ср cratin fr	4
то время как	4
том что он	4
cgf i стр	4
и т д	4
о том что	3
с одной стороны	3
дошедших до нас	3
в любом случае	3
афинской рабовладельческой демократии	3
в комедии аристофана	3
вполне вероятно что	3
в комедиях аристофана	3
в политическом отношении	3
несмотря на всю	3
по отношению к	3
тому же в	3
речь идет о	3
в этом отношении	3
едва ли не	3
аттического крестьянства в	3
после того как	3
в годы пелопоннесской	3
внешнеполитические отношения афин	2
о том насколько	2
на протяжении всего	2
жанра древней комедии	2
позиция аттического крестьянства	2
которые делилась аттика	2
не в состоянии	2
образ царя сатиров	2
после начала войны	2
диомед и донат	2
бы то ни	2
во второй половине	2
латинских и византийских	2
в новое время	2
когда бы то	2
а то и	2
при этом что	2
от до года	2
v вв в	2
народном собрании и	2
по меньшей мере	2
до самого конца	2
афинской демократии так	2
у аристофана и	2
в афинах в	2
в тех же	2
в первой половине	2
видеть в нем	2
именно потому что	2
как и в	2
в первую очередь	2
на которые делилась	2
за тем как	2
истории сицилийской экспедиции	2
был изображен в	2
для исследования социальных	2
фр платона фр	2
фрагменты и из	2
мы можем судить	2
сепаратный мир со	2
внешней и внутренней	2
дикеополя с ламахом	2
до сих пор	2
или может быть	2
то ни было	2
участие в действии	2
комедии как жанра	2
i стр и	2
древняя аттическая комедия	2
у нас в	2
в честь диониса	2
широко представленная в	2
в свои руки	2
из его окружения	2
два фрагмента из	2
эсхил софокл еврипид	2
трети v в	2
фр в другом	2
дикеополь и tpигей	2
аристофан и его	2
можно судить по	2
того как в	2
то же самое	2
таким образом в	2
показательно при этом	2
из подземного царства	2
социальная позиция аттического	2
нового времени это	2
насмешки по адресу	2
до н э	2
из всего этого	2
поставленной в г	2
на дионисиях г	2
в хронологическом порядке	2
слово комедия от	2
начале vi в	2
чем когда бы	2
на то что	2
самого конца v	2
до нас фрагментов	2
в корыстных целях	2
нападок на перикла	2
комедии евполида демы	2
отношении комедии к	2
писандра в годы	2
хоть и не	2
кризиса афинской рабовладельческой	2
в эти годы	2
здесь мы встречаем	2
отсюда широко представленная	2
в вымогательстве взяток	2
показательны в этом	2
отношение комедии к	2
говоря уже о	2
песни в форму	2
великих дионисий и	2
из действующих лиц	2
х годов v	2
в начале vi	2
может быть даже	2
афинян по поводу	2
в афинское гражданство	2
средние и мелкие	2
т е в	2
нападки комедии на	2
аристофана и его	2
и мелкие землевладельцы	2
годов v в	2
но и в	2
не говоря уже	2
десятилетие пелопоннесской войны	2
и византийских грамматиков	2
начала войны в	2
в пелопоннесской войне	2
v в как	2
комедии кратина дионисалександр	2
против одного из	2
из комедии евполида	2
в широких кругах	2
и тем что	2
iv в в	2
каждый из них	2
v в до	2
а мы просо	2
т е перикла	2
во всяком случае	2
обитателей подземного царства	2
последней трети v	2
во фракиянках и	2
мы можем рассматривать	2
и таким образом	2
поставленной между и	2
из неизвестной комедии	2
музы в поисках	1
принимал непосредственное участие	1
к блестящему пятидесятилетию	1
ряда исследователей зачислить	1
сначала от жары	1
из φροντισταί athen	1
древнегреческого театра которым	1
за беспощадные персональные	1
земля многократно вытоптанная	1
с афинами и	1
характеризуется удивительной противоречивостью	1
об основных композиционных	1
шутки но они	1
недостойных представителен общественной	1
десятилетия iv в	1
саламине всадники таким	1
городов или островов	1
свидетельствует что комедия	1
афинскии крестьянии тригей	1
фр наконец последний	1
греческие аграрные обряды	1
однако трудно в	1
их стихи на	1
которых уже выводятся	1
без малейших затруднений	1
города пышные празднества	1
стороны гипербол признавался	1
и расцвел город	1
знаем во всяком	1
поражение такова в	1
дефиниции малопригодной для	1
господства демократии но	1
пьесы занимала вереница	1
отклик в его	1
в комедии ахарняне	1
лисистраты за помощью	1
войну а сам	1
вытопчем вытопчем поскольку	1
хионида магнета экфантида	1
представляли σκώ^ψατα εξ	1
карион внимательно следит	1
устарели почти за	1
сделать некоторые выводы	1
комедийного наследия аристофана	1
период демократическая партия	1
материковой греции в	1
несколько успокаивались наступало	1
безоблачных мирных дней	1
w)).iv фр вполне	1
наших источников можно	1
пафлагонцу гермипп весьма	1
маркс наиболее радикальные	1
самого безрассудного замысла	1
то и вовсе	1
можно говорить о	1
эпиррема и антэпиррема	1
всего выпады комиков	1
ему несовершенствами существующего	1
направлены на то	1
london paperback русские	1
дней принесла арароту	1
на № статьи	1
когда первое печатное	1
им аристократической партии	1
комиков бросается в	1
войны темой пьесы	1
ей политических деятелей	1
всем бедам спартанцы	1
за две с	1
в судьбе афинской	1
в чем же	1
ленеях года и	1
никакого состояния и	1
и торговая верхушка	1
прокормить ораву голодных	1
комики единогласно высмеивают	1
разговорная сценка с	1
семи завершаются окончанием	1
аттические крестьяне жили	1
самого поэта который	1
сократа драматург подвергал	1
беднота зачастую составлявшие	1
исторического лица в	1
к ранее существовавшему	1
о спасении данаи	1
богатство плутос поставленные	1
в качестве исторического	1
должностных лиц и	1
производил огромное смятение	1
похожий и одновременно	1
г когда переговоры	1
половине vii века	1
кто такой ликург	1
в целом стало	1
оставалось только подкрепить	1
сокращенные названия в	1
к г в	1
политических деятелей конкретные	1
в частности появление	1
хронологическом порядке следует	1
на смелые выступления	1
кубок чем объяснить	1
множество ассоциаций так	1
судьбах афинской демократической	1
демагога является конечно	1
и абстрактные явления	1
внутреннему миру человека	1
доля мифологической пародии	1
во всадниках четырехкратным	1
зевс согласно одному	1
отражении фрагментов древней	1
в ритуальных истоках	1
места в соревновании	1
перед афинянами правда	1
литература об античной	1
л ландау м	1
сентябре г ее	1
ждать порки в	1
комиков который начал	1
было только сколько	1
этом что по	1
это видно как	1
многократно вытоптанная поступью	1
прокла еще к	1
на государственные празднества	1
облака или обитателей	1
тех же ахарнянах	1
эту публику к	1
рамках этой же	1
пх мнению начало	1
дионисия фракийского который	1
устойчивую тенденцию жанра	1
порядка вещей подтверждается	1
восстановить городские укрепления	1
году комедия ахарияне	1
названному ритуальному состязанию	1
и одновременно не	1
отстаивать выдвинутый протагором	1
этом некоторые проблемы	1
античных авторов как	1
чем же собственно	1
эремб из числа	1
неусыпную заботу о	1
вопрос начать с	1
к периклу в	1
достаточно широкую дверь	1
хиронах перикл изображался	1
στρατηγίαν фр кто-то	1
тяжелым чувством покидали	1
мотивы народных сказок	1
конца и в	1
ней э конечно	1
беспутных молодых людей	1
форму ττ^ς εμμέτρου	1
насмешки над богами	1
которые пытались извлечь	1
его близости к	1
трактате плутарха сравнение	1
племени саков то	1
политики видят страшный	1
их высшего расцвета	1
тот же сократ	1
оказала мне аглая	1
кратина кратета телеклида	1
являются ли приводимые	1
опасения сторонникам демократии	1
ахарнянах действие происходит	1
государстве были из	1
mир была поставлена	1
же самое касается	1
занести его в	1
афин в дни	1
дельцов наживших состояние	1
политическим сторонником кимона	1
признали свое поражение	1
наследство государству свою	1
играющий роль симпосиарха	1
распространен в литературе	1
аргосом нашли отражение	1
сторонник олигархии больше	1
завоевал первую премию	1
переодевания невпопад прибавим	1
великих афинян прошлого	1
по адресу писандра	1
рабовладельческой верхушки первое	1
середины двадцатых годов	1
основного содержания ведь	1
попутно достается и	1
под именем амипсия	1
поэтов торговцев и	1
не могли черпать	1
экклесиазусах эписодии могли	1
комедия авполида банты	1
или издевательства по	1
степени затрудняет политическую	1
творческой индивидуальности поэта	1
в чем видят	1
во фрагменте содержалась	1
подходить к фрагментам	1
противоречии а случайностью	1
на море афинского	1
объективно неизбежно коль	1
мнения и право	1
столетний период древнеаттической	1
изображал его также	1
которым наделил гипербола	1
из любимейших способов	1
было достаточно комических	1
новогреческий теневой театр	1
так или иначе	1
клеона еще при	1
все это однако	1
грамматики и комментаторы	1
афинского театра v	1
времени относится насмешливое	1
на три группы	1
себе никакого соответствия	1
ему и позволял	1
здесь факты свидетельством	1
к аристократии ее	1
а также делегацию	1
времени появляются oтмеченные	1
вероятно тоже к	1
которые могут быть	1
бы преобразованное состояние	1
комедии менандра бывшие	1
на уровне примитивного	1
либо как яа	1
достаточно четко определяется	1
учредить некую новую	1
на поверку очень	1
το δγμου на	1
последние два десятилетия	1
κώ(λη из сообщений	1
сценка с участием	1
способного превзойти нынешнего	1
но значительная доля	1
поэтому симпатии древней	1
в облаках разоблачается	1
наш герой называет	1
крестьянские обличительные песни	1
зобу камни из	1
авторов как правило	1
i iv вероятно	1
государство со строжайшей	1
смтуации число таких	1
вводное предложение другие	1
могли занимать обсценные	1
themist думается что	1
кожевенная мастерская а	1
т д положение	1
на базаре на	1
арароту в году	1
афинской демократии во	1
насколько эффективны были	1
являлся объектом осмеяния	1
средствами но и	1
всего написанного в	1
но в своих	1
служат ответом именно	1
народного собрания и	1
сочетаний с меньшим	1
c the roman	1
избегает и примитивнейших	1
верхушки первое место	1
из огня чужими	1
близок к эпифорам	1
те общественные явления	1
доходов другой важнейший	1
определена как г	1
богиням-облакам пародией на	1
средствами аттической комедии	1
городских торгово-ремесленных слоев	1
им мир порождением	1
в более поздней	1
незамеченными впрочем в	1
это только доказывает	1
как анекдот из	1
земли для того	1
возникновения и по	1
творчество поэта к	1
семьи когда же	1
демократии и являются	1
войны тоже по	1
степени отвечал этому	1
античного редактора отобравшего	1
отстоящих далеко друг	1
что в рамках	1
собой на землю	1
направлении древней аттической	1
е в повозках	1
комедии где хор	1
самой откровенной потасовки	1
подтверждается между прочим	1
вероятно аристид ii	1
спора cocтавлявшегоo идейную	1
случаев где число	1
неудача не обескуражила	1
якобы за взятку	1
наверное еще две	1
том насколько правдиво	1
исходе спора и	1
аристократии так кимона	1
гипербола в воровстве	1
освещении которое делает	1
аттику и опустошение	1
в совет пятисот	1
примерно на метр	1
опыта аристофана эразм	1
социальным группировкам стала	1
повторенной по требовании	1
социальному происхождению комедия	1
от которого он	1
из главной двери	1
№ статьи в	1
интересы более радикальной	1
начинать заново сельскую	1
их геpoeм становится	1
аналогии с такими	1
мильтиад аристид и	1
всем беженцам хватало	1
все что она	1
и мелких землевладельцев	1
области ряд неувязок	1
банкирской конторы у	1
возможных ситуации практически	1
конях т е	1
ее носителям разным	1
культурной жизни материковой	1
расхищении государственных средств	1
гипербола кратин сначала	1
афин thuc i	1
известно что одна	1
из пролога мира	1
представляют как было	1
не только эсхил	1
из списков граждан	1
были неизбежно приводить	1
аристофановской комедии проистекают	1
переворота см arisfc	1
только один человек	1
в ораторском искусстве	1
критического реализма которая	1
мужьям в супружеских	1
ни грамматическими теориями	1
стрепсиада в облаках	1
говорить о проявлении	1
и методах сопротивления	1
времени у современного	1
думал лермонтов когда	1
аргументы в пользу	1
тела которая потрудилась	1
редкими посетителями народных	1
вообще предшествовать агону	1
может быть в	1
грамматики сравнивали греческие	1
комедий преобладание перикла	1
льстеца фрагменты и	1
комедии видна совершенно	1
содержащихся в трактатах	1
гермеса-взяточника из мира	1
отрицательных героев правда	1
триадой великих афинских	1
цель комедии совершенно	1
три раза подумает	1
был выведен уже	1
наконец в г	1
постановки своему сыну	1
никиев мир положил	1
даже богатырская палица	1
в греции называли	1
было только аристофану	1
к этому времени	1
круглых скобках указывают	1
на мосту через	1
к обуревающим его	1
xal xo^oai tt)v	1
в комедии телеклида	1
хронологическом порядке список	1
вот на него	1
почти столь же	1
также плавт комедии	1
сообщает аристотель и	1
отсюда недоверие к	1
это конечно представляется	1
с собой на	1
собственным концом никогда	1
к гг очевидно	1
ограниченности которая вполне	1
в них захватила	1
экспансии о месте	1
облаках безнравственное поведение	1
демократического развития который	1
комедийного театра аристофана	1
в пору её	1
все перемены в	1
ее происхождению по	1
пелопоннесцы потребительское отношение	1
в до н	1
функция следующих за	1
городов-государств аристофан предложил	1
первая часть напоминает	1
государственных бедствиях состояние	1
ли это нам	1
деревнях со временем	1
руководящих деятелей афинской	1
хозяйство но и	1
от земли и	1
козы в которой	1
предстает перед нами	1
покидали свои скромные	1
известная часть крестьян	1
так называемых тридцати	1
ниже необузданному радикализму	1
не являются у	1
fr недружелюбно характеризует	1
занимают аристофана сравнительно	1
εξ αμαξών издевки	1
делятся на три	1
мастер но говорить	1
малопригодной для оценки	1
заимствования или типологического	1
подчиняются и дикеополь	1
такое же окончание	1
сказать что мощная	1
теми конкретными чертами	1
свидетельство плутарха что	1
большой размер одиннадцатиместной	1
медеи аристофановская комедия	1
мелких аттических землевладельцев	1
в страну где	1
угасших творческих сил	1
совпадает с понятием	1
колонии в амфиполе	1
ввергать народы в	1
конь в ар^(т]	1
афин селение декелею	1
раз пытались приспособить	1
во ii веке	1
выходят на поверхность	1
всех вещей казалось	1
пьяницу подчас ночевавшего	1
неувядающих деревьях комедии	1
стихе эсхила переходя	1
и тот же	1
замечательных черт древнеаттической	1
развращающим влиянием современных	1
фр стр этот	1
в афинах после	1
частью сам автор	1
поводу двоедушия керкирян	1
наконец о большой	1
во фрагменте кто-то	1
целые группы стихов	1
написание имени отделяется	1
афинами и cпapтой	1
физиологические отправления организма	1
на ленеях свою	1
что касается содержания	1
явлений подвергаемых в	1
гагнона как человека	1
одному и тому	1
рар i verso	1
объяснений якобы произошла	1
раз прерывался в	1
двадцатью годами друг	1
качестве заложниц триеры	1
наиболее яркое освещение	1
матросов гребцов фетов	1
из самых замечательных	1
действие происходит сначала	1
этическими течениями степень	1
сознания как обличительная	1
в которой предстает	1
народонаселения наконец ряд	1
вопросы о способах	1
урожая элемент земледельческой	1
военных лег идеал	1
и релятивизма внесенный	1
богатство и бедность	1
этим временам вполне	1
то теперь их	1
объяснена противоречивостью социальной	1
перед скеной по	1
и была свергнута	1
недолго другие едва	1
купленного раба-кожевника двое	1
реrid ср cratin	1
пять семь последних	1
повествует о заслугах	1
большинством являлись аттические	1
ее в последних	1
лет отделяющие наше	1
лампон предсказаний периклу	1
iv · хотя	1
враждующих сторон этой	1
но конечно самым	1
аристофан казалось бы	1
случая стянуть у	1
греческой и римской	1
формулы декретов возвышенность	1
ее образцы представляют	1
в тогдашних афинах	1
кайли воды похожи	1
и v вв	1
мудрствования сократ большую	1
всю се противоречивость	1
его обычно постигает	1
новая легковесность еврипида	1
известном трактате плутарха	1
с понятием πονηρός	1
делясь со зрителями	1
отныне выслушивать в	1
на ожидающие победителя	1
так главным образом	1
и опять же	1
ощущается связь с	1
и других поэтов	1
цельную картину дано	1
чтобы убедиться в	1
комедиях сoвершенно особый	1
делегации мертвых мильтиад	1
женщин собранные вместе	1
сеть чтобы накрыть	1
они не несли	1
первые годы пелопоннесской	1
его возвышенные мысли	1
в течение одного	1
выяснялась расстановка сил	1
будет фантастическое блюдо	1
аристотеля раздалось недвусмысленное	1
разговорных сцен стала	1
противоестественных наклонностях фр	1
обеспечили себе столь	1
еврипида не может	1
по имени кифариста	1
πονηροί αισχροί нажившиеся	1
в них-то и	1
трех посланцев только	1
содержания и формы	1
вселенной птицы бог	1
проводить свою политику	1
вовлекающих в свою	1
в форму стихотворной	1
молод и красив	1
две равные половины	1
концом никогда больше	1
подтверждается и сообщением	1
вспомним γεφυρισμοί мостовую	1
фракии при амфиполе	1
достаточно сильной и	1
крестьянии тригей pаскормив	1
нельзя не вспомнить	1
везде по оригиналу	1
могла остаться в	1
царства кроноса обетованной	1
выступало более полусотни	1
базировалась афинская демократия	1
изобретательность вся новизна	1
замыкается статьей которую	1
грамматическими теориями которые	1
на землю недавно	1
еще в конце	1
не менее необычно	1
в шкуру барана	1
двадцать шесть раз	1
хор часто самым	1
еврипида а сколько	1
комедиях аристофана отличается	1
у других современных	1
произведений созданных расином	1
множество штрихов и	1
было содержание комедий	1
афины признали свое	1
ликона в том	1
раз т] cov	1
очередь благодаря своей	1
теперь молодой человек	1
aul gell v	1
аристофана присуще множество	1
жребию по одному	1
е выходцем из	1
из двух фрагментов	1
напоминает нечто песчаное	1
по мнению авторов	1
oб их возможных	1
ферекрата прикажите в	1
его творчестве это	1
это десятилетие столкновением	1
и глубиной чуть	1
обличения присущую его	1
и ленеях аттический	1
социального типа к	1
один из фракиянок	1
поэзии феогнида что	1
тем что теперь	1
в архилохах кратина	1
таким образом триаду	1
недавно купленного раба-кожевника	1
развенчания в экклесиазусах	1
и одновременно материалом	1
эксодом уходом герой	1
еврипида была отобрана	1
схолий к ст	1
иска своеобразие мира	1
афинскому флоту предоставлялось	1
феерического ритма бессоюзие	1
пути аристофана в	1
афинян повторились черные	1
и опять число	1
речистым лидерам демократии	1
трудно осуждать их	1
сочинений древнегреческих авторов	1
сатирическая типизация в	1
надо обкрадывать государство	1
то чтобы вернуть	1
течение всей последней	1
причем и у	1
покидали афиняне дома	1
комического героя несмотря	1
отлагались от них	1
были просто комическими	1
диониса муз сюжет	1
он близок в	1
сложным словом придуманным	1
ярким примером этого	1
верховным владыкой сравнивает	1
контраста так построен	1
рассказ схолиаста почти	1
времени а может	1
одном нет собственно	1
современных нравов но	1
комедии общественно-политической критики	1
эсхилу принадлежит заключительное	1
из них преследовал	1
hermip fr phryn	1
афинского писателя мы	1
что релятивистски используемая	1
современных ему стратегов	1
пять их авторы	1
взлететь о смертный	1
то функция следующих	1
комедии последнего периода	1
типизация в аристофановской	1
как продолжение темы	1
времени или своей	1
с полной уверенностью	1
поэтому мегарская комедия	1
выводился известный афинский	1
утверждает что отец	1
был одним из	1
семнадцатая комедии менандра	1
домом свидетельствует фукидид	1
несколькими премьерами в	1
его в число	1
о деревенском происхождении	1
же словесное искусство	1
г используя в	1
этой прослойки именно	1
фольклорного прошлого комедии	1
административных округов на	1
македонского которому не	1
с самого начала	1
и богами неумолимо	1
которого рядом исследователей	1
прибавляет к характеру	1
по поднебесью и	1
между интересами сельского	1
из мельчайшей мозаики	1
гомера можно найти	1
у кожевника прорицания	1
единоборстве с фукидидом	1
была направлена также	1
в возможностях народного	1
свои первые шаги	1
кратина поставленный на	1
дополняемым сообщениями схолий	1
к ее происхождению	1
шесть раз звучит	1
специфическая ее часть	1
группировкам стала их	1
тематики следует рассматривать	1
ср также выпады	1
целому комплексу проблем	1
городах мы встречаем	1
в настоящем томе	1
герои сребрный ук	1
часть крестьян вернулась	1
разговор зашел об	1
женщины приглашают сограждан	1
не пошла дальше	1
тезис человек есть	1
от них внешнеполитические	1
целым эпизодам мы	1
и фотий ссылаясь	1
них кратина у	1
фрагменты комедии платона	1
войском даже если	1
деятелей здесь назвав	1
беженцам хватало места	1
птичьим царем удодом	1
постоянной борьбе и	1
две стихии как	1
завершаются девятикратным рефреном	1
внешних признаков сатирическая	1
деятельности олигархических гетерий	1
женатого на сестре	1
pherecr fr об	1
другой афинскии крестьянии	1
обуревающим его страстям	1
ахарняне другой афинскии	1
aw-xa δε ρέ^?	1
в г можно	1
разбогатевших дельцов наживших	1
b указывает что	1
творческая судьба аристофана	1
если это предположение	1
сценический персонаж знакомым	1
сотен песчинок умещается	1
в том же	1
личности включая сюда	1
наподобие аристофановского колбасника	1
наблюдаем явление характерное	1
коллективе их поэтический	1
потерпел тяже лое	1
даже главным действующим	1
государственной казны все	1
какой отпечаток он	1
этого сословия выявляются	1
мегарах в результате	1
достойными компаньонами бесчестных	1
натуры демагога является	1
одним предводителем хора	1
детей фантастические планы	1
в сознании человека	1
столь подробно мы	1
и иконоборчество раннего	1
вероятно что инициатором	1
членов превышает можно	1
γεοφγων εορη^α латинские	1
какой политической ориентации	1
оформление трагедии художественного	1
гимне спартанского поэта	1
поэтов й половины	1
стали гораздо хуже	1
камни из ливии	1
ленеях январь-февраль ставились	1
прологе например блепсидему	1
уцелевших фрагментов других	1
комедий принципы построения	1
магнета экфантида какой	1
он чувствует свое	1
гипербол с одной	1
от её истоков	1
ее внешней формы	1
в их произведениях	1
к наперсникам-наставникам беспутных	1
на лет раньше	1
фольклорному типу шута	1
деятелей афинской демократии	1
отнесены с бесспорностью	1
золота привезенного из	1
по три до	1
в греции но	1
конец v в	1
лозы искалеченные или	1
гордости зрителей то	1
удачливого соперника победа	1
крылатого коня пегаса	1
скептицизма и релятивизма	1
блестящему пятидесятилетию включая	1
он получает за	1
и в пароде	1
положительными с одной	1
вероятно без осознанной	1
двумя крупнейшими государствами	1
первую комедию поставил	1
несли смысловой нагрузки	1
искусству сократа трудно	1
аристофана пролог совсем	1
представлялись ему несовершенствами	1
должна была выехать	1
фр с другой	1
комический гений поэта	1
фурии после смерти	1
небом вокруг орхестры	1
не знало а	1
периода расцвета афинского	1
в состязание умерших	1
греческой праздничной обрядности	1
в вывозе своих	1
сто золотых статеров	1
vicinales от которых	1
партия в мегарах	1
в ногах ср	1
ахарняне и мир	1
призывают к тихой	1
льстеца неженку и	1
необходимый кандидат находится	1
к концу творчества	1
отрывке кратин упрекает	1
в аттику прошли	1
запускающий руку в	1
путем и противопоставление	1
смелой в критике	1
материал трактатов wspi	1
внешним влияниям всегдашней	1
составных частей обозначающих	1
а заодно видимо	1
социальному типу заметнее	1
заботится о том	1
близко напоминающая выпады	1
простых граждан софистическая	1
агоне однако ближе	1
видом наглого и	1
и политики видят	1
своих земляков готовых	1
не похожий на	1
в управдомов или	1
так что? близок	1
комедий аристофана до	1
которые и в	1
государственные празднества великих	1
усиленно поддерживалось лаконофилами	1
после смерти кимона	1
между ее натурфилософскими	1
сторонам перед скеной	1
кости а созревшие	1
и социальная позиция	1
знатные во-вторых из	1
также направлены против	1
гребцов фетов комедия	1
афинянин еще три	1
по-видимому жаждет их	1
из чего следует	1
ко всему изложенному	1
д все мои	1
на все перемены	1
под самый ее	1
пока в аттике	1
бомолоха достаются и	1
расходились по домам	1
решении присущих древней	1
еврипид так уже	1
посетителями народных собраний	1
recto изумленный аристид	1
предметом пародии в	1
персонаж знакомым для	1
не вернуться к	1
чтобы понять на	1
творчества аристофана в	1
встречался выпад против	1
эллинов богиня мира	1
по её окончанию	1
что комедия является	1
в честь фракийской	1
вывел на сцену	1
koerte pars ii	1
комедии аристофана становится	1
для исстрадавшихся афин	1
была возможна антидемократическая	1
спектакль начинался рано	1
гермиппа к периклу	1
существительное имеет собственное	1
противоречие между стремлением	1
и в их	1
до победного конца	1
лисистрате в облаках	1
но они с	1
per honestas domos	1
которой можно теперь	1
жизни наиболее яркий	1
по адресу известного	1
скалистую и лесистую	1
такой же культовый	1
большинства зрителей и	1
новых богов а	1
глубочайшая противоречивость аристофановской	1
товары ввозимые со	1
г и естественно	1
но возрождение морского	1
и других лидеров	1
изощренной аргументацией не	1
их оружием в	1
природы в котором	1
с комедией козы	1
стороны творчества поэта	1
последних пьес платона	1
флота открывало все	1
сообщениях латинских грамматиков	1
они лишь незадолго	1
и теперь дарующих	1
десятилетие столкновением воюющих	1
attische mittlere komodie	1
ее часть не	1
на конях т	1
положение можно исправить	1
на этой гнусной	1
на непригодность демократического	1
между еврипидом и	1
и выступали в	1
к их чувственно	1
фракиянок повествует о	1
в парабасе и	1
стариковского тела которая	1
превращается в молодого	1
из лучших домов	1
заманчивых картин золотого	1
этот же образ	1
которого они называют	1
доступный для жителей	1
последнее место занимал	1
признавали фильдинг и	1
и возглавляемой им	1
борьба между реакционной	1
трагедии эсхила и	1
неумолимо постигало поражение	1
молитве или принесении	1
состоящих из корней	1
этой комедии ни	1
нелестную характеристику демострата	1
он претендует на	1
gramm iii эванфия	1
воспоминания о мильтиаде	1
ad av бесконечным	1
вспомнив об исторических	1
находится в заточении	1
удастся восстановить городские	1
насчитать за исключением	1
травестия мифа часто	1
а процедура народного	1
осуждает сокpaтa и	1
состязательный характер архонт	1
брать дорогостоящие уроки	1
фетов комедия с	1
мира из первоначального	1
кроме аристофана не	1
уже упомянутых а	1
отобрали в качестве	1
он с горечью	1
разнообразным контактам с	1
послам прокучивающим государственные	1
комедии города поставленной	1
афинских политических деятелей	1
а полет тригея	1
и палки завершалась	1
простой причине что	1
г ставятся аристофановские	1
аристократической реакции такая	1
как намекается что	1
что в древности	1
в другом причем	1
уже в ахариянах	1
лиц diog laert	1
облаках глубиной нравственного	1
боги может показаться	1
снизилась из них	1
евполид посвятил любимцу	1
переселялись в афины	1
и богатство плутос	1
платных учителей мудрости	1
афин комедия не	1
особенно близки интересы	1
комической материализации достигается	1
при всех возможных	1
форме травестийной комедии	1
фр общую картину	1
главным действующим лицам	1
в маске сократа	1
древнегреческой литературы могут	1
вариантах композиционная структура	1
прибавились еще девять	1
каком-нибудь микроскопическом полисе	1
из опостылевшего им	1
что в любом	1
каверзный вопрос богини	1
это потребность в	1
в регионах отстоящих	1
которых по одному	1
как мы видем	1
те первые шаги	1
на чем настаивали	1
зрителей на праздниках	1
считал лучшей из	1
и гауптманов по	1
аристофана ставит нас	1
культуры философы п	1
сводилось как известно	1
с морем и	1
народным собранием и	1
аристодем μ^αρος και	1
реформаторы и моралисты	1
мир являлся гигантской	1
откупаться от широкой	1
выступал большей частью	1
греции которые без	1
перикл был изображен	1
радикальной демократии но	1
государства между и	1
их сценический облик	1
но нельзя не	1
неаттического происхождения который	1
боги обильного урожая	1
пережили крушение античной	1
радикализму клеона также	1
царили и в	1
или типологического сходства	1
времени изучение комедийного	1
кратина обращены против	1
все более широкие	1
несмотря на активные	1
фрагменте гермиппа наряду	1
жизни нашего поэта	1
правдиво изобразил аристофан	1
полного сил красавца	1
века хор в	1
рамнусийский будущий коллега	1
подобно тому как	1
инициатором этой псефизмы	1
веселом праздничном шествии	1
нарицательные какими принята	1
данаи с младенцем	1
на философов которая	1
в основном тексте	1
диониса обрядах того	1
не знающих законов	1
отношения действующих лиц	1
о принципиальной враждебности	1
на следующий год	1
войны относится комедия	1
рискованные а то	1
места дальнейший творческий	1
к знатности рода	1
пронизывая ее от	1
аристофан вывел всемогущего	1
облаках которую можно	1
водворяют в греции	1
до самой откровенной	1
плутос одаряет своими	1
избранных по жребию	1
не занимать весь	1
могли быть направлены	1
этому восстановление семьи	1
еще в одном	1
сельский период существования	1
договариваются отказывать мужьям	1
традиционной моральной нормы	1
мира афины не	1
образ суммой индивидуальных	1
об отражении в	1
от κώ(λη из	1
критиков найдя свое	1
лягушек ст cл	1
материал охватывающий время	1
затем по свидетельству	1
между несколькими драматургами	1
следить за тем	1
πασι πόρνη καί	1
лицо ведавшее в	1
осмеянию известного представителя	1
наиболее интересных с	1
осуществление самого смелого	1
этих явлений подвергаемых	1
от которых по	1
за его лаконофильство	1
выступать в народном	1
государственного устройства была	1
могла только молодежь	1
описаниям парижского рынка	1
афины несколько человек	1
мы знаем о	1
не может похвалиться	1
во всех отношениях	1
следует рассматривать одну	1
же вполне понятно	1
пещеры где давно	1
мышления настаивают на	1
образы тех аристофановских	1
могли вообще предшествовать	1
существующему и почти	1
земляков готовых видеть	1
силе времени остановили	1
с горечью констатирует	1
комического то совсем	1
и притом очень	1
писателя мы не	1
и всеобщего благополучия	1
поэте облекшем обличительные	1
заметить что к	1
получает общественное признание	1
произведениях мировоззрения и	1
богатство время от	1
же гepoй пытается	1
концентрируются люди так	1
которая стала сама	1
демагогам нажившим себе	1
не символом всей	1
поставил вопрос о	1
комедии структурного единства	1
аристофан поставил на	1
тома большую помощь	1
тех далеких времен	1
так же как	1
образа жизни своих	1
следующем виде каждая	1
paus ix но	1
серифяне о спасении	1
мирное время аттические	1
πονηρός συκοφάντης и	1
etc s beacham	1
иначе в течение	1
олигархов хотя она	1
кратина и других	1
война по имени	1
появляются на олимпе	1
диониса предводителя сатиров	1
рефреном как в	1
города poet iii	1
ли начинать заново	1
дальнейший творческий путь	1
не хочешь поднять	1
думаете что хотел	1
обводят вокруг пальца	1
григею самому богу	1
маской которого зрители	1
число мелких торговцев	1
множественном числе одиссеи	1
древней комедии к	1
ударила по сельскому	1
вполне в духе	1
и пристойного аристофан	1
дальнейшем течении комедии	1
напряжение возникшее в	1
от их высшего	1
годы больше привлекают	1
почивает карион внимательно	1
классического периода v	1
очевидный факт прославление	1
функций между фаллическими	1
принимавший активное участие	1
жизнь или лучше	1
стороны те же	1
именно поэтому мегарская	1
по требовании публики	1
к этой чисто	1
которое сделало возможным	1
сл в двух	1
своему усмотрению фр	1
известен европейскому читателю	1
нечто песчаное суффикс	1
авторы указанных трактатов	1
поэта все сохранившиеся	1
бедный крестьянин гнущий	1
скобках на прилагаемый	1
эту часть населения	1
города? может быть	1
аристофана и только	1
эписодии нередко занимают	1
или фриниха выступавшего	1
щадившей даже самых	1
экспедиции гг в	1
делало беспощадными нападки	1
в них перикл?	1
по той простой	1
женщины вceй греции	1
об остроте которых	1
εορη^α латинские грамматики	1
δέχεσ^αι δώρα в	1
аудитория на такое	1
эип стала едва	1
и военных жрецов	1
противопоставляет нынешним стратегам	1
столетия детище демократии	1
спартанского поэта алкмана	1
стиху или главе	1
и продержалась в	1
построен в афинах	1
бедствиях состояние см	1
отношении но и	1
слоев на войну	1
на способы ее	1
при первом появлении	1
хотя подробности истории	1
такого же рода	1
в в которой	1
и по своей	1
типизации еще отчетливее	1
h.-g die attische	1
вовсе вырубленные во	1
древней комедии тема	1
интерес еврипида к	1
иронии и возвращение	1
преобладание в афинах	1
старинной государственной организации	1
вершины афинского акрополя	1
слепого старика который	1
как-то не подходит	1
комедий кратина и	1
достигает уровня произведений	1
камень от пещеры	1
комплексу проблем волновавших	1
отразивший настроения селян	1
или оценивая свой	1
друг друга за	1
следовательно тем что	1
наделяется весьма выразительными	1
использующий его в	1
обоснование в себе	1
агамемнона адониса вакханок	1
осуществлен только в	1
graec можно придти	1
что эти слова	1
селение декелею совершая	1
комедия и не	1
демократии демагогам умеющим	1
демоса матросы гребцы	1
вольности pанних пьес	1
и жалоба эллады	1
задняя часть орхестры	1
начало в финале	1
тот что нынешние	1
то надежно можно	1
v в то	1
которых базировалась афинская	1
судьба беллерофонта который	1
начала пелопоннесской войны	1
сентябрь-октябрь г в	1
объясняющие трудность непосредственного	1
выполненной причудливыми средствами	1
салтыков-щедрин маяковский брехт	1
первоначальное решение забирает	1
местность все остальное	1
облик и практика	1
выводу об отражении	1
бессмысленному десятилетнему кровопролитию	1
пройдоху способного превзойти	1
ср athen v	1
v в почти	1
своим садам и	1
не только осознанная	1
в аттических деревнях	1
сам по себе	1
и вероятно посрамлял	1
и риторам выступления	1
людям неафинского происхождения	1
остро гротескной форме	1
зерна ваз овощей	1
от лакедемона впрочем	1
о тяжелой участи	1
особый случай пародии	1
им было сниматься	1
его т е	1
темпераменте реального исторического	1
в заточении у	1
конкретные и абстрактные	1
сам аристофан ср	1
при всем том	1
и термина κορ-ψός	1
в этой области	1
комедий в первую	1
ленеях в г	1
в отношении гипербола	1
что поэты широко	1
возрождения когда первое	1
еще и теперь	1
о том каким	1
своеобразие мира создаваемого	1
бы целиком разделяет	1
всем том ясна	1
нашей эры был	1
в книге об	1
с римскими компиталиями	1
причем чаще всего	1
затем в бутылке	1
три группы совпадающие	1
стихах три инфинитивных	1
инвективу с простонародным	1
рода принадлежит её	1
достижения цели они	1
они отделяются запятой	1
в г здесь	1
и диалогов наконец	1
σκώ^ψατα εξ αμαξών	1
материях не заботится	1
к заключению что	1
прежнему состоянию а	1
с так как	1
евполид называет льстецом	1
из комедии σεριφιοι	1
зрители легко угадывали	1
дата постановки которой	1
проявляли назойливость в	1
жизни древних обитателей	1
своим народным собранием	1
отдает ему предпочтение	1
со своим войском	1
не заботится о	1
диомед эванфий и	1
ущерб первые десять	1
из которых уже	1
триеры чтобы больше	1
цельность нравственных устоев	1
на поверхность земли	1
этому дает общественно	1
её истоков до	1
казны все это	1
жизненно возможных ситуации	1
заслуженного или нет	1
лет войны так	1
в них соединяются	1
гипербол и фантастических	1
существенное противоречие между	1
отделяются запятой например	1
всего света в	1
тип характеристика демагога	1
пролога мира как	1
в известном трактате	1
балаганные трюки и	1
сжечь в качестве	1
поэта исследователи античной	1
актера филонида осы	1
ремесленников заинтересованных в	1
поражающую свoeй смелостью	1
cgf i с	1
объективно был направлен	1
знакомых нам иллюзорных	1
почти дословно переписан	1
аркадии наемников из	1
отрывкам видно только	1
equit евполид отзывался	1
споры о литературных	1
комедии вероятно уже	1
по традиционной нумерации	1
была уже ранее	1
постепенно в конгломерат	1
в бутылке кратина	1
оставалось вероятно незамысловатым	1
пути оборванного слепого	1
в облаках глубиной	1
гоголь добролюбов и	1
κωμωδίας рассказ схолиаста	1
гг появляются булочницы"-гермиппа	1
убедиться в разложении	1
этих успехов явилось	1
аристократии противоречит как	1
виде изображен в	1
не раз в	1
они дошли до	1
доступность разговорчивость демократизм	1
в м п	1
уже по фрагментам	1
честных земледельцев со	1
об антидемократических чтобы	1
потом претерпеть новые	1
во всем жизненном	1
зачислить аристофана в	1
природы позволяло делать	1
противоречий его герои	1
определенной тенденции к	1
комедийного сoкpата из	1
лопотанье варварского бога	1
её обработку в	1
флоте больше триер	1
где погиб и	1
о сусарионе весьма	1
аттики должны были	1
комедии деметрия сицилия	1
аристократии ср cratin	1
на всю серьезность	1
ограничены паросская хроника	1
содержалась брань по	1
слова и моральное	1
парная симметрии хоровых	1
творчестве это потребность	1
конца этот основной	1
после персидских войн	1
земледельческой религии они	1
неприступная стена отгораживает	1
и колбасник кидаются	1
особенности потому что	1
см также фр	1
одному из вариантов	1
новообразованное слово может	1
symp ср athen	1
кворум в шесть	1
среды руководящих деятелей	1
фр и а	1
свою землю в	1
евполида были по-видимому	1
с огромной силой	1
сущности и служат	1
образе широко известного	1
в комедии глубоко	1
беспощадную остроту обличения	1
я думаю что	1
кроноса обетованной земли	1
перекликается с орфическим	1
всадников крестьян женщин	1
когда писал героя	1
отдается приказаний л	1
для евполида как	1
фаллическими песнями греков	1
назван лукоголовым зевсом	1
на положении любительских	1
прибегают герои фантастическое	1
ферекрат schol ad	1
всадниках аристофан ст	1
в богатстве где	1
спарта задававшая тон	1
нескольких статьях опубликованных	1
в панкратии на	1
людей фр после	1
года уходят из	1
наиболее ярких примера	1
с участием трех-четырех	1
которой перикл был	1
оставил позади такого	1
опытные ораторы защищая	1
во время пелопоннесской	1
глаголом означавшим бурлить	1
за отказ от	1
по адресу пердикки	1
щеголей ср также	1
делился на две	1
песнях и культовых	1
полной уверенностью отнести	1
театра женщины вceй	1
центром вокруг которого	1
время пелопоннесской войны	1
системой с единым	1
разоблачение разбогатевших дельцов	1
путь аристофана известен	1
ссылаясь на кратина	1
из италии пшеничная	1
колбасника обеспечивает его	1
стремлением совершенно не	1
и в тт	1
от κώμη село	1
была направлена одноименная	1
обычных классических источников	1
фантазии находящей обоснование	1
на которых базировалась	1
ее зарождение к	1
стихи на весах	1
а второй сытную	1
жителям мегар из	1
в союзники афинских	1
нынешнего читателя облик	1
жизни афин не	1
xv diod xiv	1
пятиактной разговорной комедии	1
классических источников паросская	1
на ленеях в	1
повинности какому-нибудь богатому	1
под именем своего	1
победу проведя после	1
из мира и	1
на перикла которые	1
как художественное состязание	1
также подвергаются осуждению	1
и обоснования своих	1
путь к наперсникам-наставникам	1
широкое распространение в	1
комическом контексте выступают	1
таким образом комедия	1
орудием протеста крестьян	1
до начала пелопоннесской	1
ему приписывают следующие	1
и потерей влияния	1
нападки кратина на	1
и даже не	1
ливия много слоновой	1
лишить его творчество	1
жары и духоты	1
супругой верховного владыки	1
излишней демократизации государственного	1
предложения как вы	1
и это особенно	1
дорийцы искони претендовали	1
повторенным во всадниках	1
как гибнут их	1
театра возвышался примерно	1
недовольство сельского населения	1
золотого века главный	1
разыгрывается эта борьба	1
различия эстетических принципов	1
афинской рабовладельческой государственности	1
первый восхваляет воинскую	1
исключение составляют только	1
г и содержащей	1
как спартанцы в	1
ни одной из	1
по-видимому пять их	1
посрамления последних именно	1
о другой ветви	1
жанра то же	1
не боясь смелых	1
пел во второй	1
в этой пьесе	1
высмеивается большой размер	1
начале iv века	1
и вождь наиболее	1
против клеона фр	1
выражала интересы более	1
дает представление поздне-античный	1
вовлек афины в	1
жизнь и ее	1
против произвола богатых	1
или островов и	1
конфликтов а в	1
царства в афины	1
всех средств убеждения	1
избавить афинский демос	1
доносчиков и казнокрадов	1
verso словом это	1
военной политикой государства	1
мирных дней да	1
демы так назывались	1
облекшим крестьянские обличительные	1
в гексаметрах пророчества	1
природе оправдывающую в	1
к узкой социологической	1
внутреннего содержания обе	1
сложных слова состоящих	1
отвращения гнева богов	1
от рассвета до	1
политики продолжения войны	1
козопас или земледелец	1
два по-видимому совершенно	1
реализма которая наделяет	1
может быть также	1
из антагонистов развивал	1
принципов наиболее показательны	1
мы просо сеяли	1
пародирования мифологии включая	1
комедии большинство пьес	1
в условиях комического	1
только при поддержке	1
хаоса а измерение	1
обманывающего и обкрадывающего	1
элемент скептицизма и	1
ставили перед собой	1
потому что и	1
политикой государства заключает	1
мира как две	1
сатирических фигурах кожевника	1
остатки запертые на	1
храме асклепия там	1
к эпохе отцов	1
народных собраний и	1
обобщающих работ можно	1
аристофана в экклесиазусах	1
так якобы перикл	1
езо> во фрагменте	1
сократа который впрочем	1
эта своих плодов	1
только посидон принимает	1
священной процессии возвращавшейся	1
чтобы вернуть на	1
его творчества экклесиазусы	1
каштаны из огня	1
аттики и относят	1
еврипид аристофан пишет	1
высмеивал одержимость клеона	1
я аристофан и	1
бы однако неверным	1
мира мир два	1
значительно снизилась из	1
то время когда	1
типологического сходства действующего	1
констатация что демос	1
перикла из которой	1
редко заглядывали в	1
действительного или мнимого	1
точки зрения содержащейся	1
страстям и трагическому	1
lipsiae отсылка до	1
ττ^ς εμμέτρου κωμωδίας	1
и постоянно меняющих	1
том что комическому	1
ферекрата и других	1
из них не	1
персеем гермипп европа	1
еще не свидетельствуют	1
разным философам сливавшимся	1
гг затем приходят	1
и сценичность внутреннего	1
этого приема служит	1
почти не получили	1
измеряется в облаках	1
раны так что	1
стихами в другом	1
состязанию двух хоров	1
празднестве великих дионисии	1
варрона как это	1
причем афиней цитирует	1
троянскую землю как	1
человека нового времени	1
или видов подарков	1
чувства древнего поэта	1
одинаково доказательно обосновывали	1
п относящемуся к	1
в далеком прошлом	1
античных критиков найдя	1
социальной позиции мелких	1
полет на олимп	1
молочные реки в	1
диалектическом единстве новаторства	1
и у более	1
thuc i iv	1
часть пьесы вклинивается	1
аристофан делал свои	1
всего лишь несколько	1
из вариантов мифа	1
призрачности предлагаемого для	1
написании комедии можно	1
этого слова с	1
во фракии при	1
так как намекается	1
не мог не	1
другими ассонансами в	1
чем его хозяин	1
что комедия возникла	1
подвергаются осуждению папирус	1
платон посвятил осмеянию	1
достаточно обширная и	1
комедии творческая судьба	1
послов живущих на	1
из союзных городов-государств	1
которая наделяет художественный	1
единства было делом	1
содержатся как в	1
можно сделать вывод	1
в том числе	1
и выводимые им	1
персидской экспансии о	1
правило они даются	1
русской хоровой переклички	1
культуры и иконоборчество	1
μ^αρος και ναταπύγον	1
стр и изложен	1
называют его икарийцем	1
них покидал не	1
годящихся в рабы	1
перикла которые содержатся	1
думаю что абсолютная	1
одно это сопоставление	1
только демагог андрокл	1
также папирусная находка	1
убеждения последнее слово	1
сказочной дает представление	1
извлечь четвертый вывод	1
афинская демократия отдававшая	1
царило такое буйство	1
аристофану удивительно повезло	1
иные как параситы	1
указывает на кого	1
мы здесь и	1
тяжелый друг на	1
обязательным участием соблазнительных	1
нагрузки а были	1
положения создавшегося в	1
великих дионисии когда	1
метагена обвинение ликона	1
надежда оказывается на	1
ясно из заглавий	1
их очевидная неповторимость	1
основание общества в	1
все птичье племя	1
которые главное внимание	1
в лисистрате февраль	1
знаменитое потерял бугылочку	1
аристофан отвергает софистическую	1
стало быть получается	1
великих комедиографов по	1
всех сторон аттики	1
комедии о которых	1
гордостью вспоминал что	1
фесмофориазус а паламед	1
тем же комедиям	1
служит обручение писфетера	1
всей процедурой не	1
вольность комедии из	1
г содержался похвальный	1
в каждой комедии	1
просто комическими сценками	1
как видно из	1
ожидавшей ее на	1
можно найти глубину	1
и практика самого	1
и его тяжелый	1
xv начале хvi	1
не дошли вскоре	1
ed a koerte	1
направлен против консервативных	1
общественные явления которые	1
может быть осуществлен	1
измерение длины блошиного	1
афины в войну	1
там же из	1
все это устойчивые	1
три тома в	1
вдобавок ко всем	1
персонаж уже гораздо	1
разуверившись в возможностях	1
случайному совпадению только	1
иронии или издевательства	1
состояла из нескольких	1
абсолютным несходством в	1
же антиплутократическую тенденцию	1
афины центр области	1
родном городе о	1
с мессенией превратилась	1
точат на твердом	1
простора для своего	1
обрядам вспомним γεφυρισμοί	1
отношении жанров определяет	1
им приходилось отныне	1
продолжительным сельский период	1
счет казенных средств	1
vi и v	1
их поэтический дар	1
например siaxoaioi двести	1
на вопрос откуда	1
воцарении золотого века	1
переходят после начала	1
и связывается с	1
афин ставя вопрос	1
общественному перед личным	1
например близок уж	1
первыми в хронологическом	1
право наслаждаться всем	1
красноречия невозможных без	1
симметрии хоровых и	1
в ней обычно	1
богатстве где аристофан	1
упоминаемая в стихе	1
эсхила наш поэт	1
в полном составе	1
внушало серьезные опасения	1
приближалось благоприятное время	1
а громадному большинству	1
ради их приобретения?	1
времени и можно	1
в окружение каллия	1
того чтобы проверить	1
понять что поэты	1
дальше эпизодических сценок	1
сам автор вторую	1
устойчивостью на протяжении	1
упрек что он	1
на это мог	1
ему не закономерным	1
что в действительности	1
прячется в шкуру	1
но в нескольких	1
из деталей сюжета	1
случайно именно в	1
здесь во фрагменте	1
строя в г	1
волен ибо и	1
моментов исключительно важных	1
ξένος это синоним	1
деятельности преобладает ярчайшая	1
для ее полного	1
партиями вокальными [строфа	1
являясь по своей	1
сущности исчерпывала чисто	1
кваканью найти меру	1
в число мелких	1
так в богатстве	1
комедии этих лет	1
однако герой обычно	1
е занимающиеся чужим	1
только что гипербол	1
за пристрастие к	1
как жанра кроме	1
мошенники разъезжающие на	1
обрушиваются особенно яростные	1
бедняками πένητες а	1
уже успели вызвать	1
раз на период	1
искони богатого другой	1
диониса вникать в	1
основной драматический конфликт	1
сохранились от всей	1
структуру аристофановскои комедии	1
подойти к оценке	1
сознании аристофана с	1
превышало трех десятков	1
воспитания между и	1
так по замыслу	1
еврипидом ничто перед	1
протяжении всего vi	1
к афинянам фракийского	1
периоду конец v	1
ситуация в принципе	1
оттуда набеги на	1
и создать из	1
комедию клеофонт платон	1
и по её	1
смерти перикла когда	1
пелопоннесской войны не	1
миф о похищении	1
хозяину подушечку для	1
весь славный град	1
были критические десятилетня	1
или по нынешним	1
которой разыгрывается эта	1
стихи или их	1
таких случаев где	1
чтении фрагментов древних	1
одна из них	1
выступавшей против нее	1
ст завершаются девятикратным	1
путь к более	1
открытым небом вокруг	1
на эту часть	1
вполне возможная в	1
чтобы больше не	1
посвящен античной комедии	1
и у него	1
песен которые песни	1
мнение в афинах	1
века выступавший перед	1
кифариста конца обучавшего	1
добром старом времени	1
стр называют его	1
образ некоего зловредного	1
обычная в древнеаттической	1
комедии за свойственную	1
демоса придававшие столь	1
своей схожестью с	1
всего в жанре	1
издевки с повозок	1
протагором тезис человек	1
вопрос богини бедности	1
тем все резче	1
членов вообще несметное	1
перикла жители аттики	1
некоторых сообщений анонимных	1
аристофана единогласно признаваемого	1
даже до агона	1
комиков признать нельзя	1
отступление кого бы	1
одолевает противника он	1
сопротивление спартанцев и	1
праздники кончались крестьяне	1
пародии комическая эпифания	1
направлена антэпиррема комедии	1
народа но при	1
будут притянуты к	1
и перикла не	1
незатейливому сельскому уюту	1
наделил гипербола евполид	1
и в тексте	1
годов iv в	1
в которых герои	1
вы-то всегда затягиваете	1
к лукианову тимону	1
свойственными его антагонисту	1
и больше действующих	1
празднеств в честь	1
решающего поражения в	1
блокады и голода	1
к чувству зрителей	1
во время вражеских	1
отобравшего одиннадцать комедии	1
древних мегар в	1
человеку вне всяких	1
фр комедию клеофонт	1
проблемы занимают аристофана	1
ни было именно	1
и сократа исторического	1
первые шаги древнегреческой	1
единогласно признаваемого отцом	1
слов но в	1
в теорию познания	1
диомеда arst gramm	1
г выступало более	1
занимался ни геометрией	1
в низком происхождения	1
как противоречива и	1
автолику победителю в	1
открывало все более	1
от времени появляются	1
посвятил любимцу каллия	1
μεταλλ^ς ферекрата причем	1
например athen i	1
возможных варьированиях перестановках	1
постигало поражение такова	1
поведению и образу	1
в своих замыслах	1
которого комики единогласно	1
демагог андрокл остальные	1
на том месте	1
обобщения многократно использовались	1
науку εν τοΐσι	1
тоже наследие фольклорного	1
кем и в	1
на сюжет трагедии	1
же комедийный хор	1
славный град афины	1
и другим культовым	1
схема аристофановской комедии	1
функции положительным героем	1
аристофана с менандром	1
придуманным конечно самим	1
вражеских набегов с	1
аристофана а всего	1
относятся произведения датируемые	1
в истории древних	1
кипарис для богов	1
постоянный способ действия	1
на уровень одного	1
современного читателя древнегреческие	1
противопоставлял поэтов й	1
власть имущим свойственно	1
спартанцам с ней	1
отношении к людям	1
казнокрадов богатство даже	1
снова сталкиваемся с	1
ряд фрагментов и	1
наблюдали за тем	1
парабасе и финале	1
свидетельствуют две сохранившиеся	1
далекой от идеала	1
случайностью вызванной к	1
всему изложенному некоторый	1
числе полноправных мужчин	1
отношению к науке	1
кожевник и колбасник	1
половина лягушек собрание	1
он передал для	1
носителям разным философам	1
племя аристофан великолепный	1
но и идейных	1
вышла из пирея	1
хлебом торгующие трактирщицы	1
типа к конкретному	1
плутарх выносил свой	1
возвращение к ранее	1
и трагическому исходу	1
кратина с периклом	1
легко понять пелопоннесские	1
себя опасности ради	1
вокруг грохочет война	1
датируемые от до	1
превзойти нынешнего фаворита	1
определенные указания на	1
и взяточничестве по	1
сторон и уже	1
характеристику на этот	1
ст явно перекликается	1
современной болтливой молодежи	1
действующих лиц уже	1
сохранилась и под	1
аристофана лишь они	1
войн соседнюю плодородную	1
создания феерического ритма	1
vi теме золотого	1
скоморошьи действа или	1
на поток и	1
как афинскому флоту	1
комедии в хронологическом	1
разрешение конфликта вырастают	1
как источника для	1
ней перекликается грустная	1
не только трагедия	1
телеклида содержащихся у	1
холодов и все	1
неизбежно коль скоро	1
в на ленеях	1
нового времени у	1
непригодность демократического строя	1
во всадниках агон	1
сколько раз в	1
что структуру аристофановскои	1
стилистические особенности аристофановской	1
социальных корней комедии	1
столь же необъятна	1
как поступить дионису	1
в первые годы	1
некоем множестве в	1
сложилась судьба литературного	1
в самом начале	1
новых течений в	1
людей фр стр	1
сопротивления персидской экспансии	1
у прокла по	1
в науке недоверие	1
был раньше молод	1
дело доходило до	1
знал всю предшествующую	1
которая происходила между	1
получает доступ на	1
евполида в аристократических	1
своих плодов не	1
союзными государствами и	1
не сложились отношения	1
все что им	1
на олимп представляет	1
сыну никакого состояния	1
стремится воспроизвести психологически	1
иной афинянин еще	1
восхваляет современных ему	1
δτ^ο-σίϋ)γ νοσφιστής льстец	1
а с наступлением	1
конфликты об остроте	1
комментариями вмешивается в	1
можно только удивляться	1
своим соотечественникам благие	1
театральных представлений в	1
на выяснении социальных	1
лягушечьему кваканью найти	1
см например athen	1
от каждой филы	1
их состязательный характер	1
афинах последней трети	1
раз на протяжении	1
в общественной жизни	1
сопоставление с достаточной	1
комедия гордится морским	1
более тяжелые удары	1
athen v с	1
· хотя подробности	1
стороны при чтении	1
ленеях свою первую	1
зрителя в сюжетную	1
обращение хора к	1
успокаивались наступало время	1
только в виде	1
с престарелой прелестницей	1
же мотивы воспоминания	1
тем не прошло	1
что возникла временная	1
нелегко им было	1
слово здесь первая	1
ораторам и демагогам	1
афинах не в	1
афин и афинской	1
подтверждения выдвинутой идеи	1
определенная структурная упорядоченность	1
прочных позиций и	1
добавим наконец что	1
первым автором облекшим	1
корыстолюбца который остригает	1
бурлить кипеть и	1
свидетельством заимствования или	1
в комедиях представляемых	1
жили раньше него	1
рыбачья сеть чтобы	1
несколько раз пытались	1
они являются наиболее	1
рабов в последних	1
когда же необходимый	1
там же имеется	1
традиционный образ проникают	1
доводила его до	1
мальчику вопрос о	1
государством в современном	1
легенда будто бы	1
стиха в уже	1
века главный герой	1
и примитивнейших форм	1
автором облекшим крестьянские	1
морихида согласно которой	1
по своей социальной	1
всю вторую половину	1
когда государством руководил	1
поставлены примерно в	1
дионису чтобы с	1
и произведениям античных	1
пользуясь поддержкой городских	1
его устранения замены	1
наглеца и пройдоху	1
же время карион	1
политическая обстановка в	1
поэт поставил вопрос	1
не достигает уровня	1
тактику вождя афинской	1
представить себе состав	1
время них теми	1
релятивизма внесенный софистами	1
любители таскать каштаны	1
наметившемся конфликте эта	1
и во фрагменте	1
славного военачальника скорее	1
прозу лермонтова не	1
коль скоро разговор	1
где он с	1
чем объяснить эти	1
комедии это богатство	1
для безземельных городских	1
привязанный обычно к	1
завершаются прославлением плотских	1
различии комедийного сoкpата	1
аристофана и у	1
как надо обкрадывать	1
брал на себя	1
самым подробным описаниям	1
правда известная часть	1
доходит до состязания	1
в лягушках эсхила	1
главе хора стоял	1
искусстве войнa и	1
лакедемоне фр алкивиада	1
сам аристотель сообщая	1
или г с	1
всего стратеги у	1
пародии в общем	1
цель которая руководила	1
воскресших мертвецов вероятно	1
восприятие комического то	1
случае об успехе	1
граждан разорившихся во	1
s beacham r	1
группируя материал фрагментов	1
ее на мосту	1
видной ранее зрителю	1
настроение широких кругов	1
и злободневная форма	1
в государстве были	1
поскольку же выступавшие	1
действии орхестру сценическую	1
солон мильтиад аристид	1
аристофан стал известен	1
фракийской богини коттито	1
хозяйством неохотно с	1
сохранилось целиком одиннадцать	1
пролог совсем иной	1
названия в основном	1
трибалла каждый может	1
с женитьбой на	1
ласточки подают раствор	1
греческих инвективных песнях	1
демы стали гораздо	1
лезвие кинжала ты	1
в ом всадники	1
он брал на	1
четверти v начале	1
же перикла вторично	1
современниками софокл или	1
хор являвшимся носителем	1
в кисельных берегах	1
дает нам аристофан	1
и о социальных	1
небольшое вступление чаше	1
за всей процедурой	1
двух государств взаимное	1
утоплен по приказанию	1
мм находим множество	1
фракиянках и в	1
самоосознания личности включая	1
пока же как	1
древней комедии характер	1
более поздней греческой	1
аристофана четырех дионисов	1
его xxvii речь	1
видят страшный упадок	1
все остальные перечисленные	1
пальца и оставляют	1
без нападок на	1
общественного и художественного	1
обвиняет в противоестественных	1
сельскую жизнь или	1
недавно нажившихся мошенников	1
лучше всего видно	1
тогда же когда	1
их обидчики аттической	1
название комедии происходило	1
софокл и еврипид	1
село деревня таковы	1
и эолосикон написанные	1
для всех эллинов	1
времени и пространстве?	1
руководителя афинского государства	1
недоверие к речистым	1
не дерзай мечтать	1
а только констатируется	1
птицах обожествляется не	1
или достаточно откровенно	1
заданный мальчику вопрос	1
комедий кратина кратета	1
варваров и чужеземцев	1
переговоры клеона с	1
а художественный образ	1
и оптовые торговцы	1
это нам право	1
попадают или мечтают	1
найти еще большего	1
автора естественно что	1
эсхилом избирается судьей	1
попытка такого рода	1
и силами поднимающейся	1
кружка мой веселый	1
конфликтов к которому	1
комедии типа русской	1
изданию список моих	1
принята называть чужеземцев	1
платона и других	1
идею поражающую свoeй	1
мелких торговцев подвизающихся	1
обучение а также	1
а их обидчики	1
скромные владения и	1
не заметить что	1
антиплутократическая тема выступление	1
богослужений в честь	1
в состоянии фр	1
своих трактатов прямо	1
настоянию писандра для	1
олимп мир являлся	1
афинах являлись непременной	1
не в каждой	1
меланфий и др	1
как из драм	1
зрения ряд моментов	1
перикла а хозяйственным	1
утопической мечтой об	1
колеблются сидя у	1
ложа а напротив	1
в финале всадииков	1
сусарионе первом поэте	1
же в широких	1
читателю примерно тогда	1
военные корабли и	1
причинах троянской войны	1
прямо противоположные точки	1
свидетельствуют о принципиальной	1
особенно показательны в	1
к социальному типу	1
основном тексте даются	1
люди по богатству	1
как в течение	1
немногочисленные фрагменты по	1
поскольку в пароде	1
получилось ли так	1
схолия к ст	1
десятков тяжеловооруженных воинов	1
возникавшие в аттических	1
в сельском хозяйстве	1
он еще принадлежал	1
который считает сусариона	1
в этих потоках	1
происшедшего там демократического	1
ними образованным людям	1
демагогов является блудливая	1
устранения замены или	1
гораздо более активный	1
создавшейся смтуации число	1
при этом они	1
против корыстолюбца который	1
лишившихся своей земли	1
комедий во время	1
вовсе безнадежные предприятия	1
оплота аристократической реакции	1
из всех но	1
драматурга и элегика	1
войны в открытую	1
комедии фриниха монотроп	1
из них покидал	1
аристофановской комедии беспощадно	1
из воскресших мертвецов	1
передает что у	1
в трагедии в	1
михаил юрьевич лермонтов	1
третьем месте с	1
жалоба эллады которая	1
же недоступной им	1
завершилось это десятилетие	1
к которому взявшие	1
античного театра возвышался	1
источник за исключением	1
бранном панцирь мой	1
или повернуться вокруг	1
перикла стратегию как	1
плана по своему	1
базарного торговца колбасами	1
представляется столь естественным	1
ритора андокида всему	1
ее как источника	1
комического а его	1
нападок кратина из	1
политику афинян начало	1
на его обработку	1
ними? одни полагают	1
высоко ценимая еврипидом	1
афинских граждан нуждаясь	1
в истории афинского	1
выходит далеко за	1
или другими ассонансами	1
пародии на её	1
вв до сих	1
два длинных сложных	1
и беспощадную остроту	1
того же сообщения	1
аристофана значительно снизилась	1
хватило сил еще	1
теперь от комплекса	1
природой и ненависть	1
первую очередь телефа	1
демагоги против одного	1
и разговорных сцен	1
по своим деревням	1
позиции мелких аттических	1
глубокого кризиса древняя	1
два несмотря на	1
этой продукции одни	1
его употреблении у	1
занимает колбасник во	1
евполида в окружение	1
героем ранних комедий	1
не противоречит мировоззрению	1
гражданам είναι δικαίους	1
идеи в осах	1
в ахарйянах ст	1
по замыслу античного	1
определяло жюри из	1
начинается примерно столетний	1
к ней э	1
на такое глубочайшее	1
числе одиссеи архилохи	1
знало а определяло	1
правоту победителя поэтому	1
возрастом и удостоился	1
таково например обращение	1
олимпийские боги может	1
индивидуальности поэта воспитанного	1
попытки укрепить свое	1
поднимается вопрос о	1
порождающих наивную доверчивость	1
еще в оригинале	1
большой устойчивости антиплутократической	1
наиболее радикальные элементы	1
в своем сочинении	1
в между и	1
поставленной на ленеях	1
комедии совершенно ясна	1
высмеивался за корыстолюбие	1
если они хотели	1
т.е привхождений с	1
такого рода сатиры	1
к богиням-облакам пародией	1
комедии допускают в	1
из других источников	1
на копейку подешевела	1
такой прием как	1
религии они выходят	1
афинской демократии все	1
вв в результате	1
городе на пниксе	1
душе нашего поэта	1
г в таком	1
пшеничную муку карфаген	1
такого признанного мастера	1
наклонностях фр ср	1
гостеприимного человека во	1
старушки богомолки горшок	1
тысяч семисот тяжеловооруженных	1
а напротив достаточно	1
иначе в комедии	1
и ее отображение	1
обличительные песни в	1
лиц уже в	1
λέω σουσαρίων λέγει	1
символическое для жизнеутверждающего	1
один раз прерывался	1
когда же страсти	1
месте в политической	1
что и во	1
в лягушках так	1
стала кочевать из	1
бесхитростному существованию и	1
в каком-нибудь микроскопическом	1
возбуждает множество ассоциаций	1
клеофонт платон посвятил	1
неафинское происхождение подвергается	1
декелею совершая оттуда	1
наследие фольклорного прошлого	1
нравственного ущерба который	1
обвинения в самом	1
полувека после смерти	1
равно заслуженного или	1
пир мудрецов е	1
и его вожди	1
обычно к своему	1
в образе сократа	1
аристид ii recto	1
поводу террористических методов	1
фривольности обработки лисистраты	1
кривляка негодяй кляузник	1
снова прикрепляет устойчивую	1
доаристотелевским временам вероятно	1
и финале всадников	1
пониманию слова ранние	1
веке нашей эры	1
афинского демоса придававшие	1
кроме этих весьма	1
а наоборот целиком	1
тем озлобленнее должны	1
парабасе его участники	1
исследователи древнегреческой литературы	1
эта часть комедии	1
о высоких материях	1
впрочем не избегает	1
των δτ^ο-σίϋ)γ νοσφιστής	1
миру человека к	1
человек может отказаться	1
одной из самых	1
еду на поле	1
воюющих сторон и	1
клеоном из двух	1
отзывались с презрением	1
над персами при	1
свою сферу физиологические	1
посвящали свою партию	1
к хору декоративное	1
образ жизни и	1
от художников нового	1
самого аристофана четырех	1
в еврипиде прямого	1
комедия была поставлена	1
их литературного творчества	1
schol комедиях отделенных	1
заветов традиционной морали	1
веков до эпохи	1
из числа афинян	1
перед домом дикеополя	1
году не достигнув	1
honestas domos следовательно	1
и спартанский полководец	1
такого рода отступники	1
мессению естественное соперничество	1
был способен на	1
как из уст	1
пытаися не дерзай	1
сохранившиеся комедии последнего	1
города там же	1
известных нам нападок	1
лицо к которому	1
придает смеху аристофана	1
его для прежней	1
за уничтожение остатков	1
и дионис в	1
нашего поэта все	1
спартанцами и убедительными	1
cratin fr eupol	1
остригает в свою	1
городе перебиваясь с	1
о возникновении мира	1
одной стороны почти	1
фрагментов древних комиков	1
демов мы встречаем	1
греции называли сначала	1
уже на празднестве	1
в прологе завязывается	1
а к чувству	1
комедии аристофана хор	1
образом все по	1
это была уже	1
вздумал подняться на	1
и сам аристофан	1
оплачиваемого романа с	1
демократии но мегарской	1
в афинах резко	1
праздник с обязательным	1
теперь выявить те	1
поднебесью и постоянно	1
относительно мало обеспокоенной	1
передать весь фейерверк	1
общественных установлении и	1
и наверное еще	1
и других позднегреческих	1
в меньшинстве среди	1
ряд источников дошел	1
на все афины	1
взявшие власть в	1
более привычной нам	1
только снова сталкиваемся	1
перспективу в которой	1
к благочестивому молчанию	1
если назначение пролога	1
поэт был утоплен	1
отдаленно или совсем	1
например od iv	1
подобает смертное учил	1
скорбь афинян по	1
войны и по	1
аристофана поэт гермипп	1
поэта алкмана не	1
насколько верно кратин	1
государственное устройство его	1
древности даже возникла	1
сомнением оказывается в	1
время вызывавшие в	1
самых которые возникли	1
происходит ожесточенная социальная	1
демагога обман народа	1
где под видом	1
быть увеличено вершиной	1
здесь назвав только	1
самый яркий пример	1
на еврипидовского же	1
των έξαρχόντίον τα	1
участников н достаточно	1
говорит он но	1
со стороны афин	1
театры и театральные	1
менандр комедии фрагменты	1
затронуты два раба	1
широкую дверь и	1
становиться ее нападки	1
опубликованных в специальном	1
мышления происходило столкновение	1
место причем чаще	1
вернуться к прежнему	1
тексте сохранились некоторые	1
предложить zimmerman в	1
гипербол платона о	1
еще к доаристотелевским	1
сусариона к жителям	1
бесспорностью только два	1
в пучину обмана	1
оценку отдельных писателей	1
с солдатами все	1
начальствовать над собой	1
этого тот что	1
целях почти всегда	1
олигархов или вовсе	1
следующем году наш	1
разрушенное хозяйство но	1
накануне подписания мирного	1
этих противоречии может	1
ни у одного	1
позиций и укрепить	1
способ типизации еще	1
цеца в предисловии	1
что они являются	1
и заставляет очень	1
аристократической партии доказать	1
однако запрещение введенное	1
высмеивал видимо также	1
заимствует у других	1
было объективно неизбежно	1
на гроши которые	1
она объединила в	1
к ней случайно	1
упрекать евполида в	1
приемах еврипида и	1
девятикратным рефреном как	1
солона упрекает граждан	1
мира а возвращение	1
крестьянин дикеополь разуверившись	1
мир два афинских	1
начала х годов	1
странности аристофан стал	1
каждый из антагонистов	1
должны переквалифицироваться в	1
на породивший его	1
скопление беженцев в	1
чертах композиционная схема	1
совершенно безобидной в	1
эписодиса т.е привхождений	1
прием конечно производит	1
и моралисты несколько	1
больше четверти всего	1
плодами одержанной победы	1
иное как свой	1
состоит не в	1
аристофан осуждает сокpaтa	1
оригинале конечными ассонансами	1
картину вырождения нравов	1
достоянием науки отрывки	1
и людей из	1
эпохе отцов недаром	1
требовании публики в	1
и современную поэзию	1
на окрестные угодья	1
они выходят на	1
тенденцию жанра то	1
специальном журнале сохранена	1
плутоса в храме	1
комедия не могла	1
далеко друг от	1
осмеянию еврипида пародируя	1
например нападки на	1
то остается предположить	1
отсюда видно что	1
ли не всю	1
который начал писать	1
таких γεφυρισμοί дает	1
из драм популярнейшего	1
расстановка сил принимающих	1
богов да они	1
комедии к этим	1
донат сравнивают ludi	1
враждебность по отношению	1
при этом замечание	1
с достаточной определенностью	1
в трактатах περί	1
его комедий в	1
драматург подвергал беспощадному	1
сохранившихся комедии аристофана	1
ради своей выгоды	1
эти чувства древнего	1
лисистрате парабаса включается	1
союзников обираемых и	1
пути поэт прикрепляет	1
власть перешла в	1
никто не захочет	1
перед явным парадоксом	1
аристофана около г	1
будто основание упрекать	1
фрагментов вокруг вопросов	1
каменоломнях изнывая сначала	1
фр клеон гипербол	1
ним частей древней	1
мировой драматургии стилистические	1
и подобно тому	1
виде состязания эсхилу	1
низкого чуть ли	1
экспозицию пьесы у	1
писец метробий выражает	1
нравственных устоев на	1
период от их	1
ему стратегов мы	1
сходные концовки так	1
довольства и обеспеченности	1
их участия в	1
помост сообщался ступеньками	1
многими парами анафорических	1
к разнообразным контактам	1
iv века получилось	1
основании этого фрагмента	1
немало трудностей афинская	1
будто бы известное	1
родовой аристократией и	1
были готовы поддерживать	1
г комический поэт	1
его стихи или	1
стороной выдвижная площадка	1
творческих сил стареющего	1
это ясно из	1
изд menander reliquiae	1
этой же антиплутократической	1
амфитеатром по склону	1
и богатстве отсюда	1
государства άμοργοί [πόλεο)ς	1
видна совершенно явная	1
демагогов-богачей следует отнести	1
и в конце	1
лице базарного торговца	1
км от афин	1
и составление протокола	1
личности между тем	1
концентрацией всех свойств	1
кефис показательно при	1
из ярых сторонников	1
судить по сообщению	1
времен или по	1
источником для десятков	1
прямо указывает что	1
или менее известные	1
или меньшей долей	1
может показаться противоестественным	1
же как раз	1
своего дряхлого хозяина	1
прежде всего война	1
и сверкающий миндаль	1
только их художественных	1
безобидной в политическом	1
афинян ив первую	1
большому папирусному отрывку	1
эллады поддерживалось абсолютным	1
всей этой продукции	1
беллерофонта сопутствует успех	1
объяснение в ритуальных	1
в качестве обобщающих	1
здесь и популярных	1
успехов явилось государственное	1
войны и скорбь	1
сложнее и политическая	1
и выступавшей против	1
для жизнеутверждающего духа	1
со всех сторон	1
старомодная тяжеловесность столь	1
главным образом все	1
своей марафонской победой	1
этом отношении представляет	1
и лирических поэтов	1
не устарели почти	1
за пределы аттики	1
комментаторов ошибочно производить	1
время была возможна	1
богатство имущим готовым	1
массе афинских граждан	1
разных городов или	1
со стандартными картинами	1
изобретение комедии не	1
крестьянства тем озлобленнее	1
без намеков на	1
материй к их	1
при жизни перикла	1
обработок и вариаций	1
частей древней комедии	1
и по дошедшим	1
селян вполне вероятно	1
же необъятна как	1
оригинале это два	1
основных композиционных элементах	1
в афинах составлял	1
комедиографов по аналогии	1
мало или вовсе	1
не позорили своими	1
маслины и виноградники	1
другие противоречия аристофановской	1
неповторимости невоспроизводимости в	1
о его значении	1
кратин серифяне о	1
экспедиции ни последовавших	1
и святыни которые	1
у комиков трагический	1
комедий один афинский	1
сограждан слово образовано	1
комедии при всем	1
в стихе эсхила	1
выгоды из создавшейся	1
чем отличающуюся от	1
конкретность аргументации взывающей	1
афинской демократии к	1
в саламинском бою	1
почти исчезают персональные	1
жизни эта неприязнь	1
выступавшего под именем	1
тех же городах	1
быть с известной	1
победителя поэтому всю	1
кулаки и палки	1
подают раствор в	1
победу фр жалобы	1
материал для комедий	1
для оценки большого	1
смертному подобает смертное	1
людмиле здесь в	1
философия софистов поэтому	1
и schol ad	1
фольклорными жанрами не	1
тех случаях когда	1
презрением в афинах	1
горшок с кашей	1
известного сочувствия к	1
примут решения прекратить	1
политику но чем	1
что мотивы фантастической	1
стратег в г	1
например блепсидему в	1
населению аттики земледельцы	1
в аттику и	1
и красив блистая	1
активный чем его	1
хиоса который без	1
гласит фрагмент из	1
тряхнув трезубцем грозит	1
лисистрата чтобы избавиться	1
у римских грамматиков	1
в былые времена	1
им плана по	1
он разворовывает государственную	1
антэпиррема произносимыми их	1
палки завершалась комедия	1
противоречий комедии как	1
так же разрушал	1
в т №	1
мифологическом герое беллерофонте	1
эсхил чья старомодная	1
в заброшенных каменоломнях	1
различными этапами в	1
наконец грустная констатация	1
так как диомед	1
буквально отступление кого	1
которого следовало бы	1
найдем во фрагментах	1
как в прологе	1
охранников и т	1
в городе перебиваясь	1
theatre and its	1
из египта ясно	1
и право его	1
приводится отрывок из	1
область со своей	1
χάπραινα фр с	1
томе вполне доступны	1
святыни которые были	1
трагиков почему же	1
пороками честь государства	1
встречает в пути	1
великих дионисиях рубеж	1
свою вступительную песнь	1
честный афинский крестьянин	1
в передней стене	1
центральной оси не	1
гораций epist i	1
не угасших творческих	1
ориентированы на элементарное	1
и придают им	1
почти нет аналогий	1
методу аристофана присуще	1
фр демагога мидия	1
одном из отрывков	1
союзе с олигархами	1
третьем отрывке кратин	1
против растрепанного и	1
рассматривать одну из	1
более полусотни поэтов	1
и насколько можно	1
две причины объясняющие	1
правило противопоставлением образцов	1
и вот журавли	1
прием как пародирование	1
гг и здесь	1
к аристократии и	1
назначение пролога при	1
правление четырехсот фр	1
адресу известного политического	1
отрицательного торжествующего или	1
котором первый восхваляет	1
поэты ахей меланфий	1
достаточно комических преувеличении	1
заполненные одним сложным	1
было сказано только	1
декелей спартанцами сторонник	1
от того выводит	1
мира в комедии	1
возможности опускается ссылки	1
истоков до римского	1
комедии данаиды дедал	1
переходит к радикальным	1
людям соприкоснувшимся с	1
богачейи бедняков судей	1
образцов их литературного	1
остановили свой выбор	1
с орфическим учением	1
с ламахом а	1
незаурядным вкусом которые	1
сотен независимых полисов	1
сила публичного слова	1
кожевника обманывающего и	1
евполид изображал его	1
источника для исследования	1
в традиционный образ	1
и в тех	1
треском сжечь в	1
обращает на себя	1
осмеивали всяких казнокрадов	1
комиков поскольку однако	1
darmstadt albrecht м	1
с компиталиями то	1
афинский крестьянин дикеополь	1
кирены рукоятки мечей	1
и художественного мышления	1
пелопоннесской войны проливают	1
демократия чувствовала себя	1
стороны в городах	1
для древней комедии	1
примером этого приема	1
крестьяне жили по	1
составлял только один	1
противопоставление нынешним временам	1
его название буквально	1
недоступной но и	1
интересный пример индивидуализации	1
несколько рождений богов	1
комедию поставил под	1
часть этих противоречии	1
которые были для	1
на себя внимание	1
представителен общественной системы	1
свидетельствует об исторической	1
воспитанного своим временем	1
столь красочный размах	1
прежде всего занятых	1
радикальной демократии возглавлявшего	1
читателю то функция	1
фрагмент из реально	1
птиц и фантастические	1
совершенно неизведанным поражающим	1
audience london paperback	1
принадлежала в афинах	1
называются одой и	1
в асиндетоне следуют	1
сказать и т	1
ритуального срамления но	1
оборачиваются утопической мечтой	1
проводит в гамаке	1
комедии предстает в	1
проблемы эстетики и	1
царство здесь из	1
свое поражение в	1
него обрушиваются особенно	1
сознании простого человека	1
самым ярким примером	1
психологических свойств и	1
приналегши на канаты	1
иметь успех основную	1
человек а хор	1
действительности дело обстояло	1
в эту часть	1
выявляются при первом	1
комедию как целое	1
для жителей всех	1
последней четверти v	1
получает своеобразное выражение	1
предстает в лисистрате	1
в мирное время	1
дают представление как	1
версия о протестующих	1
мы не найдем	1
труппы со своим	1
апрель г осмеянию	1
лицом смерти торжествующей	1
наконец позиции враждующих	1
уже в ахарнянах"в	1
pherecr fr против	1
отображение на сцене	1
обильнее материал охватывающий	1
к какой-нибудь из	1
соч с весь	1
реформы клисфена в	1
мостовую перебранку которая	1
политического деятеля конца	1
противоречия аристофановской комедии	1
другие напротив стараясь	1
в мгновение ока	1
и писандра который	1
перикла еще не	1
возвышения афин укрепления	1
еврипида? очень просто	1
это очевидный факт	1
этом отношении две	1
структурная упорядоченность о	1
краткого ύπό^εσις обнаруженного	1
повезло из его	1
о существе социальной	1
их помощникам в	1
использовании древних комиков	1
удивительно повезло из	1
требовал продажи? видимо	1
десятков а уж	1
первых фр разумеется	1
времени с тремя	1
е прокла еще	1
читателя с прологом	1
который оставил в	1
i ii слл	1
птичье царство здесь	1
алкивиада cgf i	1
древнеаттической комедии апелляция	1
влияние с другой	1
мирного договора между	1
к человеку имеющему	1
перикла клеона гипербола	1
под открытым небом	1
то выходцем из	1
аристофана с критикой	1
игровая сцена с	1
нас разрушили и	1
свое завершение в	1
требование мира в	1
конечно самим аристофаном	1
изголодавшимся богом образы	1
экклесиазусах под открытым	1
осознание этой силы	1
олимп оседлав крылатого	1
изготовителем панцирей а	1
наряду со стандартными	1
аттической комедии большинство	1
человек неаттического происхождения	1
как однако герой	1
данаиды дедал финикиянки	1
оказались люди знатные	1
нелестные отзывы и	1
диалог тригея с	1
давнишнего врага демократии	1
к тихой мирной	1
многие распевали насмешливые	1
трупов о которых	1
меланфия которого комики	1
действующих лиц поддерживал	1
обвинений по адресу	1
доказывает что пропаганда	1
временам или к	1
представлялась угрозой их	1
именно на вводное	1
к этому же	1
земледелия политическим выступлением	1
риторам выступления комиков	1
показаться противоестественным что	1
поэтикой едва ли	1
связей и как	1
в отражении фрагментов	1
сводить широкую общественную	1
первого и наиболее	1
в облаках по	1
и прокл пользовались	1
афинах в последней	1
поместья и участки	1
одаряет своими милостями	1
управлению государством там	1
длины блошиного прыжка	1
безопасности ныне же	1
сак и сидоний	1
черные дни начала	1
уже выше определена	1
просто побуждал их	1
островов и различных	1
рода которого следовало	1
сказок рисующих либо	1
в первые десятилетия	1
фарсом постепенно в	1
свою благодарность в	1
в демах ни	1
ставя вопрос об	1
самим богом богатства	1
и этим навлекшего	1
гермиппа и других	1
поэтов алкмана сапфо	1
й половины v	1
по содержанию обличительным	1
здесь перикл был	1
мы не только	1
конфликт пьесы обрисовывается	1
ср знаменитое потерял	1
условиях сложившихся в	1
г xen symp	1
жизни но и	1
филы административных округов	1
из человек избранных	1
поменьше по ее	1
однако в начале	1
кратин уже свыше	1
жили в безопасности	1
в действие в	1
он заимствует у	1
выступали в порядке	1
аристофана не сохранилось	1
раздавались насмешки над	1
море отдашь добровольно	1
огонь теперь глух	1
парабаса включается в	1
одноименная комедия платона	1
половине iv в	1
тома в сущности	1
в нем удачливого	1
обладал естественно и	1
κσλλίου κόλακα фр	1
достоверно известно что	1
занимать весь стих	1
особый и притом	1
социальных истоков древней	1
всадниках четырехкратным в	1
но говорить не	1
игл i с	1
геллеспонта макрель и	1
сохранена принятая латинская	1
όλεθροι] высасывающие сок	1
и внутренней политики	1
характеристики мало чем	1
acharn и термина	1
афин прежде всего	1
методах сопротивления персидской	1
после заключения мира	1
перикл назван лукоголовым	1
taкой же противоречивостью	1
зрителям только очень	1
хотя как известно	1
действии иначе в	1
потому что после	1
или хотя бы	1
скены в птицах	1
числу богачей нажившихся	1
оказываются бедняками πένητες	1
критики сатирическое изображение	1
рейде сиракуз потерпели	1
числительных обозначающих сотни	1
клемент александрийский cgf	1
и можно приурочить	1
и сидоний и	1
общественная активность комедий	1
prolegomena счел возможным	1
встречается обвинеиие по	1
нового и незаурядным	1
державы съезжались послы	1
каменный театр был	1
индивидуализации в античном	1
радости редко принимал	1
рода сатиры комедия	1
оппозиции не встречаем	1
берущая начало в	1
его проявления было	1
обоснования своих убеждений	1
первого вторжения спартанцев	1
нет в живых	1
архилохах кратина поставленных	1
демократии в комедии	1
потому что красноречие	1
что указывает на	1
при молитве или	1
только сколько автоp	1
всегда и в	1
судебного разбирательства их	1
зевсом смертному подобает	1
афины афродиты и	1
в воровстве фр	1
мы узнаем о	1
благие советы однако	1
комедии обвинений по	1
облик если назначение	1
конца v в	1
пышные празднества и	1
в это время	1
от бурного развития	1
phryn fr недружелюбно	1
беспощадному осмеянию всю	1
фантазией вдохновенного лиризма	1
они называют то	1
соревновании с двумя	1
следовательно все остальные	1
всем флоте больше	1
сейчас трудно определить	1
культуры в том	1
фр среди названных	1
образы рабов в	1
вокруг пальца и	1
использовал материалы эллинистического	1
которой упоминает во	1
являлся гигантской пародией	1
века заимствованные из	1
сих пор остается	1
из них начинается	1
стран и даже	1
комедии глубоко верная	1
мечтают попасть в	1
искусства философии красноречия	1
так представляет себе	1
schol и писандра	1
птицы организующим началом	1
это указывает сам	1
большом ходу однако	1
парных эпифор иногда	1
поставленных вскоре после	1
реnсl главным источником	1
для выработки олигархической	1
он якобы за	1
облаках достоверно известно	1
но и достигли	1
вечно неувядающих деревьях	1
шута бомолоха как	1
десятилетия пелононнесской воины	1
одновременно их помощникам	1
столь естественным что	1
и выявляется что	1
в сущности и	1
интересы различных общественных	1
поступков аристофан отвергает	1
и а фриних	1
см ниже они	1
периклу победу в	1
барана этот же	1
указания на книгу	1
это еще дело	1
служит то главное	1
сообщения о возрастающем	1
во время них	1
обращены против казнокрадов	1
опасаясь что должностное	1
известные нам трагические	1
зрения в истории	1
себя достаточно сильной	1
здесь комедии поставлены	1
тогдашней точки зрения	1
образцу построена молитва	1
заслугах каких-то людей	1
основании краткого ύπό^εσις	1
трактатов т е	1
наследия аристофана единогласно	1
симпатии древней комедии	1
своей администрацией со	1
со своей стороны	1
к сожалению не	1
должность стратега рар	1
fr в комедии	1
г как мы	1
содержание образы стихи	1
амфиполе в то	1
в принципе композиционная	1
реалистов хiх иска	1
определить когда сложилась	1
афинская эскадра вышла	1
коня пегаса тригею	1
в трагедии эсхила	1
у него травестия	1
окружающим миром спарта	1
детище демократии древняя	1
всадниками и мелкими	1
бы на уровне	1
смертный не пытаися	1
ξ κρατίνος ώνοματοποίησεν	1
то что комедия	1
герой обычно не	1
с прологом ассоциируется	1
придававшие столь красочный	1
настоящего тома большую	1
типами народного фарса	1
в результате длительных	1
если они не	1
афин комедия получает	1
же страсти несколько	1
пристрастие к хитроумным	1
например на службу	1
старики не так	1
предводителя сатиров он	1
форр-ьит не чувствуется	1
свидетельству схолиаста к	1
образом жизни древних	1
из того же	1
занимала вереница отдельных	1
аттики в ряде	1
отношение к союзникам	1
богов зевса фр	1
заимствован из хрестоматии	1
барменов охранников и	1
амфиполе где погиб	1
границу между людьми	1
устроились снова со	1
вариаций то же	1
собрать флот но	1
быть зевсом смертному	1
объединенных анафорой ассонансами	1
различии в его	1
причины объясняет в	1
другим культовым обрядам	1
выявить три направления	1
преувеличении но основная	1
демократии ограниченности которая	1
д положение можно	1
замкнутостью в собственных	1
императивного четырежды добавляется	1
соотечественникам благие советы	1
не раз подпадал	1
гермесом третий своими	1
наиболее далекой казалось	1
в г комедия	1
мест они с	1
большинство в народном	1
воинов гоплитов на	1
для афинян г	1
автор делясь со	1
времени их старинной	1
были решиться вопросы	1
лягушках эсхила наш	1
афинян которые в	1
ведущих самостоятельно свое	1
образом в комедии	1
войны другие противоречия	1
меньшинстве среди собравшихся	1
ее изощренной аргументацией	1
переработку до конца	1
у зрителей собиравшихся	1
дома в осах	1
жертвы см а	1
солон и еще	1
не находящая себе	1
в км от	1
собой явное нарушение	1
или побежденного в	1
комедии аристофана а	1
эпифорах нельзя не	1
проному и вероятно	1
на должность стратега	1
деревьях комедии мифологические	1
и все остальные	1
борьба и одновременно	1
к прежнему состоянию	1
тысяч женщины и	1
в конгломерат этих	1
подушечку для сидения	1
направленная против философов	1
политической ориентации они	1
финал и находит	1
со всей греции	1
рук старшего из	1
образу жизни эта	1
задачи п границы	1
шаг до пародирования	1
сообщению фукидида п	1
к зрителям только	1
аристофана хронологически делятся	1
отдельно взятого стиха	1
возникновения какой-нибудь двусмысленности	1
со своей поэтикой	1
вообще одна из	1
на ленеях январь-февраль	1
и женщин собранные	1
одного из ярых	1
это недовольство усиленно	1
искони со времени	1
которых мы можем	1
кожи с берегов	1
и донат должны	1
с комедией облака	1
помост шириной около	1
привлекают проблемы эстетики	1
содержится также у	1
достаточной долей объективности	1
с пародией на	1
своим войском даже	1
страну где текут	1
чтобы отдохнула именно	1
то это только	1
монотроп пусть чесотка	1
комедия от κώμη	1
в нем изменника	1
против эпикрата проходит	1
время когда аристофан	1
в парабасе произносимые	1
и ее фольклорному	1
шуты см например	1
который остригает в	1
наносимый ущерб первые	1
его наибольшего могущества	1
народ и его	1
и эти чувства	1
blume h.-d menander	1
без открытости внешним	1
земледельцев нанесла серьезный	1
через всю его	1
в долголетнюю пелопоннесскую	1
окружения переходят после	1
читателя древнегреческие поэты	1
совет пятисот чтобы	1
схолиаста к лукианову	1
метр помост шириной	1
заглавий в виде	1
без ответа каверзный	1
не играла роли	1
как обличительная комедия	1
к ратин используя	1
по раза eiv	1
греков составившими зародыш	1
его комедии творческая	1
адресу богатых людей	1
художественного жанра имевшего	1
принимает всерьез данное	1
против наиболее известных	1
поэзию и обладал	1
аристотеля polit v	1
две с половиной	1
в аристофановской комедии	1
доната переводящего comoedia	1
сатиров диониса гермипп	1
большую помощь оказала	1
логически ответ безукоризненно	1
мильтиада и перикла	1
αμαξών издевки с	1
комедия аристофана и	1
напротив достаточно свободно	1
вереница отдельных сценок	1
это предположение и	1
границах различие во	1
что кратет был	1
европа мойры евполид	1
пользуюсь случаем выразить	1
конечно в высшей	1
что комедия обращалась	1
вводящее зрителя в	1
рубеж марта-апреля а	1
характера вводящее зрителя	1
а софокла вовсе	1
на сопротивление спартанцев	1
менявшаяся несколько раз	1
чтобы накрыть фасад	1
афины по-видимому жаждет	1
сцене при этом	1
мисийцем schol ad	1
не только восстановили	1
перикла а только	1
отбора пьес всего	1
почти все сорок	1
пропаганда мира неотъемлемо	1
производительных сил природы	1
жизни он испытывал	1
трагедии художественного жанра	1
п иной вопрос	1
нашей эры желанное	1
за минувшие годы	1
ли это о	1
зрения на задачи	1
второй сюжетная завязка	1
примитивнейших форм комического	1
телеклида μεταλλ^ς ферекрата	1
бедняков судей и	1
описаний золотого века	1
ее в корыстных	1
да и в	1
может отказаться от	1
гг кратин высмеивал	1
кратина дата постановки	1
и его литературного	1
осознанная утопия берущая	1
контексте они произносились	1
красно говорить и	1
в и в	1
восстановление семьи когда	1
н э дается	1
кратета телеклида ферекрата	1
в глаза значительное	1
его участники посвящали	1
однако решающая роль	1
ни последовавших за	1
аглая захарова которой	1
великая сила plato	1
возможна антидемократическая агитация	1
фарса и ритуального	1
правда в каждом	1
празднества великих дионисий	1
достаточно свободно варьировалась	1
задуманного или осуществленного	1
однако этот источник	1
лишь они дошли	1
приглашают сограждан слово	1
и донат сравнивают	1
прологе выяснялась расстановка	1
надо сказать о	1
сократ не занимался	1
внимание уделяли обучению	1
принадлежало как правило	1
кощунственных богослужений в	1
до года последняя	1
свидетелем страшного спора	1
герои и хор	1
несколько человек а	1
крестьянства испытывавшего на	1
они обеспечили себе	1
боевая и злободневная	1
ανδρών νεοπλουτοπονγρο)ν мерзких	1
какой-то из комедий	1
большинство пьес такого	1
около лет спустя	1
блестящий образец эстетической	1
искусстве и принимали	1
феагена и кратковременного	1
беллерофонта вся вторая	1
не в последнюю	1
взгляд предложить zimmerman	1
известен леагор отец	1
или явная или	1
строки заполненные одним	1
время незамеченными впрочем	1
набегов с трудом	1
прекрасно знал всю	1
близости или различия	1
афинского флота открывало	1
этой комедии где	1
профессиональных актеров насчитывалось	1
основной материал трактатов	1
никакого соответствия ни	1
по одному из	1
за другим вопросов	1
отрицательные явления современных	1
комедии аристофана состоит	1
случае ясно что	1
лаконофилами из лагеря	1
критикой недостойных представителен	1
году событие совершенно	1
т е выходцем	1
крупную победу проведя	1
αυτόμολοι перебежчики поставленной	1
poet iv a	1
аналогий в современности	1
соревнования а результаты	1
середины х годов	1
ведения с наибольшей	1
для комедий кратина	1
заданный вопрос начать	1
иногда даже делился	1
этим же годам	1
глубиной чуть больше	1
бесстыдными чудовищами κνώδ^λα	1
до войны и	1
собственно обвинялся в	1
в дело приходилось	1
степень зловредности модных	1
ни в одном	1
вершины художественного в	1
возвышенность трагических хоров	1
и завоевал первую	1
египетском происхождении и	1
единым правительством и	1
и фрагмент метагена	1
прекращаются в течение	1
разумеется во всадниках	1
под угрозой блокады	1
случайно прибавились еще	1
своей выгоды ввергать	1
второй половине vii	1
мотивы фантастической страны	1
протеста крестьян против	1
сократа исторического реформаторы	1
центр могущественной морской	1
средства к которым	1
древней комедии интересный	1
строк градиньян франция	1
άπανουρ^ον απλούν πα^υργίας	1
на такую сатирическую	1
положительный гepoй аристофана	1
видимо политический характер	1
божества которое опять	1
ночных холодов и	1
нашего поэта по	1
большинство латинских и	1
в сжатом виде	1
морском бою содержались	1
о соответствии данной	1
аристофан умер попытаемся	1
принципы или внешнюю	1
но и она	1
рабского происхождения plato	1
не мог оставить	1
отрывок из комедии	1
друга показательно при	1
его поэзии на	1
беллерофонта который вздумал	1
постоянные социальные конфликты	1
относятся также выпады	1
нам право считать	1
аристофану во ii	1
понимать против кого	1
жизни страны ареопага	1
поставленной одновременно с	1
е могущество и	1
из числа людей	1
на мой взгляд	1
из заглавий в	1
часть времени проводит	1
предоставленного ему фольклорными	1
мировоззрения и художественных	1
в греции a	1
совершенно исключительное в	1
гражданина после того	1
церемонию демос превращается	1
картину афинского быта	1
аристофан не стремится	1
муз сюжет получивший	1
представление о том	1
ленеев и великих	1
два наиболее ярких	1
мире для исстрадавшихся	1
софисты воплощается в	1
рах и schol	1
дорогостоящие уроки у	1
деятелей конкретные вопросы	1
деятелей? источники показывают	1
телеклида ферекрата и	1
мер для ее	1
beacham r c	1
и здесь найдем	1
что новое время	1
демагогам умеющим подбивать	1
в тирании феагена	1
внутренность дома в	1
появление их было	1
мастерству красно говорить	1
праздниками таковы сообщения	1
филонида осы и	1
присущ и другим	1
предстает в следующем	1
опять триумф зя	1
союзников по своему	1
десятилетнему кровопролитию между	1
уже в эпических	1
свой город ясно	1
мог не видеть	1
не удалось занять	1
и другое мнение	1
идет речь в	1
них начинается прологом	1
внутри стиха в	1
консервативное военизированное государство	1
возвращавшейся из элевсина	1
это обстоятельство в	1
разделялась крестьянством особенно	1
его литературного наследия	1
напротив стараясь выявить	1
истории древних афин	1
том посвящен античной	1
исходных точек зрения	1
сам хор разбивался	1
риторически образованных молодых	1
были для них	1
войны оливковые деревья	1
выделить замысел тригея	1
из фрагментов чтобы	1
руки демократии которая	1
из пафлагонии ассоциировалось	1
естественным что к	1
оценки этот факт	1
аристофановской комедии культурой	1
понимал только что	1
сельских землевладельцев по	1
вернулась к своим	1
сумеем лучше понять	1
психологически индивидуальные черты	1
комедии наш герой	1
тихой мирной жизни	1
слова '-ξΐ γαρ	1
каждая со своим	1
в тексте сохранились	1
защиту гагнона как	1
вот журавли приносят	1
её расцвета ему	1
на празднике фесмофорий	1
прерывался в конце	1
в лакедемоне фр	1
государстве это картина	1
самое надо сказать	1
к незатейливому сельскому	1
которых аристофан и	1
средств художественной выразительности	1
статьи в настоящем	1
fr но это	1
когда точат на	1
сперва он предпринял	1
его же фрагменты	1
видимо и пользуются	1
все резче должна	1
комедии миф о	1
комиков подвергаются естественно	1
красок такое неповторимое	1
афинах в то	1
comoedia как cantica	1
поэтический дар и	1
по адресу послушного	1
членов иногда в	1
очередь телефа тот	1
служить принцип контраста	1
достижение мира еще	1
также pherecr fr	1
а созревшие эгинские	1
другой ветви аттической	1
подземного царства чтобы	1
начала с фольклорным	1
комедии ахарняне г	1
особенно их сельское	1
на задачи п	1
принято говорить в	1
концовки так в	1
осведомленность зрителей в	1
потасовки к тому	1
обозначать скалистую и	1
который еще вчера	1
о которых идет	1
пьесы άφέμενος τ^ς	1
как варваров и	1
последовать то многие	1
чувством покидали афиняне	1
транскрипция ссылки на	1
можно исправить если	1
против неправедно разбогатевших	1
открыты эсхил софокл	1
дополнение ко всему	1
выразительно болтать мастер	1
потерпели последнее сокрушительное	1
афины и особенно	1
они с такой	1
зловещую роль перикла	1
сюда свободу выражения	1
в палестрах фр	1
государственных средств άρπαγίστατος	1
э который в	1
философам сливавшимся в	1
том числе прозу	1
сделано заключение об	1
от начала до	1
посещение народного собрания	1
тоже по три	1
аристофана в союзники	1
фр жалобы на	1
обкрадывать государство наконец	1
время отсутствовали постоянные	1
и художественных приемок	1
головы перикла из	1
eupo fr ст	1
формы и сценичность	1
отворачиваясь от всяких	1
по приказанию разгневанного	1
понятия например конкретные	1
драматическом искусстве войнa	1
сoвершенно особый неповторимый	1
афинах господствует демократическая	1
на мирные предложения	1
происхождения который еще	1
переводящего comoedia как	1
натурфилософскими грамматическими и	1
для себя выгоды	1
к именам и	1
угадывали клеона ему	1
схолиаста который сам	1
фр одиозная фигура	1
стала проникать и	1
поэтической фантазии находящей	1
зевса фр не	1
тех пор такая	1
что из среды	1
сцене афинского театра	1
ругательства все равно	1
се редины v	1
а в птицах	1
по сообщению фукидида	1
городов-государств каждое со	1
нравственности и навести	1
заново сельскую жизнь	1
что это недовольство	1
других комедиографов сложнее	1
в комедии сообщения	1
что теперь молодой	1
числом членов вообще	1
насчитывалось на все	1
и достигли такого	1
союзников афин выразил	1
аттическая комедия являвшаяся	1
сторон и хотя	1
противоречивостью аристофановского героя	1
оказался трусом? и	1
изд менандр комедии	1
анафорических стихов или	1
эта золотая молодежь	1
сидоний и эремб	1
fr не кто	1
таких же парных	1
отрывки из комедии	1
упрекается в излишней	1
ссылки в круглых	1
напоминающая выпады аристофана	1
фр не приходится	1
кровопролитию между тем	1
назвал его клеона	1
же птичья космогония	1
в богатстве безмерно	1
таким божеством предстает	1
причем здесь земледельцы	1
в г ставятся	1
и римской комедии	1
осторожную тактику вождя	1
что хотел сказать	1
аристофана случайностью а	1
когда такого рода	1
ответа каверзный вопрос	1
ему остракизм фр	1
признаваемого отцом комедии"?	1
в наиболее далекой	1
им герои сребрный	1
лермонтов логически ответ	1
керкирян которые между	1
войне и власть	1
комедиографов того времени	1
немесида поставленной в	1
на третьем месте	1
paperback русские издания	1
в комедиях двадцатых	1
городской бедноты матросов	1
стихов объединенных анафорой	1
и обкрадывающего своего	1
серьезной идеи потешает	1
здесь земледельцы создатели	1
сохранившихся названий можно	1
от широкой массы	1
комедиях и фрагментах	1
к утверждении положительного	1
так в большом	1
достается и демагогам	1
группе относятся произведения	1
законченные ее образцы	1
характера замкнутость напыщенность	1
больше чем когда	1
на мать сыплются	1
высказать и другое	1
господства на море	1
окончанием причастия ст	1
это уже в	1
портрет исторического лица	1
или вовсе лишить	1
и актуальная общественно-политическая	1
естественно что и	1
не подчинялись нашей	1
отзывался в демах	1
становились редкими посетителями	1
своем сочинении пир	1
аналогично пафлагонцу гермипп	1
льстецов и параситов	1
члену максимальные возможности	1
доблесть а второй	1
советы вплоть до	1
второе достаточно заметный	1
которая обычно сопутствует	1
жизнеутверждающей вольности pанних	1
и пошлые шутки	1
вероятно что это	1
молодой красавице полубожественной	1
наконец что и	1
выступают при сравнении	1
бескорыстие последних в	1
из-за преждевременной смерти	1
свою политику но	1
в другом фр	1
caмой природе демагогии	1
него самого и	1
журнале сохранена принятая	1
борьбе с демократией	1
перед еврипидом но	1
трехтомнике в квадратных	1
о воцарении золотого	1
аристофановских героев которые	1
вопрос об использовании	1
особенности аристофановской комедии	1
авторов аристофану удивительно	1
на рабов из	1
любом случае его	1
со временем стали	1
v b указывает	1
её позднему периоду	1
произведениях нерпою десятилетия	1
трусом? и когда	1
его творчества постоянный	1
идеал сельского довольства	1
πα^υργίας άπηλλα^μένον у	1
подвергать себя опасности	1
софиста вообще лжемудреца	1
бы сравнить с	1
хотя она вскоре	1
комедии в истмийских	1
копейку подешевела соленая	1
году он поставил	1
на олимп мир	1
замкнутость напыщенность тяжеловесность	1
народном собрании требовался	1
искусство или оценивая	1
в поле от	1
pанних пьес справедливость	1
поскольку софистическое образование	1
богов афины афродиты	1
сопровождении ликующего хора	1
ориентации они придерживались	1
реагировала плутократическая верхушка	1
замысел тригея ибо	1
своей комедии выступал	1
фр алкивиада обвиняет	1
народного собрания если	1
вопрос насколько эффективны	1
в год и	1
мегарах происходят постоянные	1
и виноградники в	1
нападки на те	1
в прологе выяснялась	1
испуганный пламенным клеоном	1
необходимо вкратце остановиться	1
поддержке большинства зрителей	1
политическом отношении праздники	1
различия между ее	1
красавице полубожественной жатве	1
пелопоннесской войны которое	1
его сoобщение о	1
он не избегает	1
прокучивающим государственные денежки	1
н неожиданность является	1
гомера соединяя вместе	1
фантастическое разрешение конфликта	1
крестьян содержится также	1
в древней аттической	1
ассоциировалось у зрителя	1
ix но он	1
как гипербол становится	1
ни малейшего желания	1
которой между прочим	1
уже выводятся свойства	1
iv и плутарха	1
однако ни в	1
являвшаяся крестьянским жанром	1
тетралогий всегда три	1
до парабасы и	1
памфлетно-публицистическом направлении древней	1
вторично в комедии	1
язык впитавший в	1
действительно учился риторике	1
богатства плутосом исцеленный	1
сикофантов наживающихся на	1
и демагогический фр	1
них соединяются и	1
выкрадывают у кожевника	1
уже о моряках	1
резкое выступление комедии	1
еще две поменьше	1
при составлении настоящего	1
комедии роль троянского	1
не дали результатов	1
пелопоннесской войны которую	1
e следует отметить	1
атрибуты обстановки должны	1
и духоты а	1
и даже богатырская	1
имеется довольно красноречивое	1
из наиболее ярких	1
примирения исходивших от	1
av каллий был	1
комедии в фаллических	1
oîç δη βασιλεύς	1
стала едва ли	1
реакции такая боевая	1
аристофана служит еврипид	1
своему участку высказывал	1
однородных члена объединяемые	1
взял себе слишком	1
вот объект нападок	1
царевича александра париса	1
знаем их состязательный	1
вывод для исследования	1
феаке ср equit	1
ритуальных истоках комедии	1
к женщинам зерна	1
из сообщений наших	1
научная литература об	1
не закономерным следствием	1
и скорбь афинян	1
современников является жанром	1
всякого эксплуататорского общества	1
враждебную агитацию против	1
имел ли он	1
сократа аристофан не	1
известное свидетельство аристотеля	1
судьба литературного наследия	1
это были критические	1
именно πλούτο· из	1
но это вовсе	1
членов apистофановской комедии	1
так выступление фаллофоров	1
принципе вполне возможная	1
включая сюда свободу	1
древней комедии аттическое	1
авторов все же	1
итальянская commedia dell'arte	1
длинной стены осуществляется	1
оказывается на поверку	1
принципе композиционная структура	1
живых кимона божественного	1
выявить те эстетические	1
войны и эти	1
тяжеловесность столь же	1
нравов и право	1
стратегов мы старики	1
ли он право	1
βασιλεύς κρόνος το	1
с простонародным фарсом	1
нападок был присущ	1
кратин во фрагменте	1
злейшего и давнишнего	1
пародии о первом	1
если и глава	1
землевладельцы собственники парцеллярных	1
ожесточенная социальная борьба	1
что к нему	1
впитавший в себя	1
скончавшимся эсхилом избирается	1
из хрестоматии прокла	1
тенденции к индивидуализации	1
шкуру барана этот	1
как правило они	1
поступить дионису чтобы	1
вольностей с ритуалом	1
и незаурядным вкусом	1
сознательной жизни нашего	1
доводам и победу	1
прием был применен	1
молодых людей и	1
современник аристофана поэт	1
высказывает предположение что	1
κώμη село деревня	1
личным как и	1
общественный конфликт повлек	1
во главе хора	1
более поздних авторов	1
есть больше четверти	1
демагогов неоднократно исходили	1
почти каждый из	1
его с зевсом	1
миром спарта задававшая	1
алчности и корыстолюбию	1
и положено шуту	1
факт однако еще	1
сценками например испытание	1
комедии получившей доступ	1
черты двух умерших	1
из которых направлена	1
эпикрата фр классовые	1
присущих древней комедии	1
и театральные труппы	1
начало iv вв	1
такие комедии поставленные	1
и еще кто-то	1
происходит сначала в	1
пять стихов из	1
народного фарса как	1
ли так по	1
латинской транскрипции нумерация	1
обычных людей всадников	1
что одна из	1
аристофана хоть и	1
с одинаковой решительностью	1
каллия фр женатого	1
к периклу другой	1
ее содержание которое	1
временным отсутствием герой	1
одна наиболее специфическая	1
их военная политика	1
сократ большую часть	1
на основании этого	1
существования комедии и	1
море афинского флота	1
значение множество таким	1
великие дионисии и	1
с тогдашней точки	1
желая зарекомендовать его	1
сам диомед добавим	1
фрагментов чтобы воспрянул	1
болезней всего афиняне	1
по реконструкции современных	1
нравственных норм на	1
двое слуг афинского	1
мегар в vii	1
и города о	1
немалое место могли	1
сокращенное написание имени	1
несовершенствами существующего строя	1
περί κωμωδίας и	1
это время от	1
внимательно следит за	1
комедии евполида города	1
в комедии кратина	1
себя внимание фантастичность	1
послушного хиоса который	1
параситов фр на	1
видимостью их участия	1
клеон и спартанский	1
мнимого происхождения гипербола	1
заложен комический эффект	1
века получилось ли	1
землевладельцами объединившимися в	1
быть осуществлен только	1
городских слоев демоса	1
литературного творчества из	1
своих исконных идейных	1
трагический хор даже	1
и убедительными доводами	1
и один из	1
комедии наши сведения	1
и изменив первоначальное	1
пелононнесской воины внимание	1
героя достигающего высокой	1
что сила убеждения	1
прием который мы	1
по адресу демагога	1
честь государства нередко	1
в себя самые	1
например обращение лисистраты	1
войну завершившуюся для	1
выступают не только	1
демократии все что	1
хоровой лирике на	1
наредкость острый характер	1
дионисалександр в которой	1
судьбы примерно в	1
годы аттический земледелец	1
не случайно именно	1
и iv и	1
athen i xiv	1
по-русски в примечаниях	1
рукоятки мечей и	1
до конца и	1
поставленной в тяжелом	1
в восемь прилагательных	1
временем с традиционными	1
или своей схожестью	1
в действительности дело	1
ремесленных мастерских для	1
конституции негодование афинян	1
поэта цитируются и	1
место в гражданском	1
значительное место в	1
искусству красноречия появление	1
композиционная структура комедии	1
с парадоксальной противоречивостью	1
βινού^ενα εν τοΐν	1
вторую особенность театральных	1
в первое десятилетие	1
обрядах как в	1
свойства их характера	1
остаться в стороне	1
его достижения салтыков-щедрин	1
пелопоннеса тактика эта	1
сравнении точки зрения	1
аттических землевладельцев в	1
опере например близок	1
своими пороками честь	1
и свидетельствах речь	1
большей частью общие	1
гребцы городская беднота	1
общественной нравственности и	1
тех самых которые	1
этому времени и	1
необычный для нынешнего	1
пелопоннесской войны тоже	1
так уже в	1
сеяли а мы	1
уже гораздо более	1
со времени их	1
глоссы etymologicon magnum	1
άκούετε λέω σουσαρίων	1
в барменов охранников	1
приурочить те первые	1
дни всенародных празднеств	1
менандром и опять	1
риторик и ее	1
гражданину хорегу постановщиком	1
и без материала	1
слова ранние комедии	1
в птицах или	1
дикеополя еврипиду выкатиться	1
внутренней политике должностных	1
нередко утверждается достаточно	1
издания авторов о	1
i poet iii	1
самим богам приходится	1
пошла дальше эпизодических	1
на афинскую сцену	1
о добром старом	1
входившее как составная	1
продолжения войны всадники	1
ликофрону глоссы etymologicon	1
такими и были	1
фр либо фантастическое	1
от разорения резкое	1
в облаках которую	1
до трех десятков	1
цеца cgf i	1
покуда хремил мирно	1
образ проникают черты	1
на этом фоне	1
фантастические существа облака	1
преобладание перикла не	1
засвидетельствовано успехом аристофановскпх	1
повествовательного характера вводящее	1
образа сократа который	1
тенденции аттического крестьянства	1
но чем острее	1
начале v в	1
из сторон и	1
дионисиях г используя	1
толшько во й	1
лисистратой договариваются отказывать	1
в ссылках на	1
своему члену максимальные	1
аристофана до сих	1
случаю присоединения к	1
комедии есть что-то	1
уроки у софистов	1
переделать но не	1
совершенно софистический и	1
софистическую апелляцию к	1
на самом склоне	1
мастера жанра как	1
антидемократических чтобы не	1
а измерение длины	1
и комедии аристофана	1
сравнивают ludi vicinales	1
i стр называют	1
вступление чаше всего	1
богами неумолимо постигало	1
отметим фрагмент евполида	1
может служить принцип	1
iv вв но	1
отец гагнона никий	1
как сходные концовки	1
с насмешки по	1
драматическом жанре нового	1
экфантида schol ad	1
пьесы охватывают почти	1
частью всенародных празднеств	1
евполида в одном	1
вывод из всего	1
и сам эсхил	1
финале птиц там	1
зрителю стороной выдвижная	1
еврипидом пародируется содержание	1
народ выход хор	1
гермипп говорит фр	1
том что могло	1
благосостоянии народа но	1
кратина создается довольна	1
γεφυρισμοί дает нам	1
трудящихся видимостью их	1
в виде пародии	1
искусства льва толстого	1
ярых сторонников войны	1
хремил встречает в	1
до начала х	1
стихах п или	1
одержала крупную победу	1
то στιγματίας то	1
знакомым для зрителя	1
репертуаром регулярными представлениями	1
их кумире феаке	1
видных граждан εις	1
методов применявшийся лисандром	1
также точкой отделяется	1
занимать обсценные заклинания	1
еще девятнадцати лет	1
человека искони богатого	1
войны и возрождения	1
из составных частей	1
фр фриниха фр	1
характерное впоследствии для	1
menander darmstadt albrecht	1
выделялись два основных	1
света в афины	1
право считать создаваемый	1
нас снова подстерегают	1
четверо афинских деятелей	1
идейную основу конфликта	1
ахарнянах облаках осах	1
romische literatur i	1
некоторые неувязки однако	1
охватывают почти все	1
die attische mittlere	1
следует не знает	1
iv в хотя	1
послы из союзных	1
ср pherecr fr	1
влечение порождает и	1
дела государства и	1
в дележе доходов	1
к τέχνη γραμματικ	1
воспроизвести психологически индивидуальные	1
в веселом праздничном	1
известных поэтов становится	1
лишь года уходят	1
мере две причины	1
и те и	1
персонажей на чьей	1
прилагаемый к изданию	1
комедиях представляемых на	1
его возрастом и	1
воинскую доблесть а	1
социальная борьба между	1
cпapтой первoe десятилетие	1
как-то на заданный	1
комедии законченные ее	1
дорийцев на изобретение	1
τους εύδόξους πολίτας	1
около г когда	1
кругов афинян ив	1
а сколько пародий	1
во-вторых из того	1
меру каждого из	1
монету все что	1
демагоги подвергающиеся нападкам	1
достаточной определенностью указывает	1
позднегреческих источников cgf	1
уже перешла к	1
том что στάσις	1
стороны изображал с	1
ст аристофанова мира	1
поисках истинного трагического	1
что ответить на	1
что по сообщению	1
прибегают не к	1
должностных лиц стратегов	1
мои три тома	1
построен последний дуэт	1
аристофану в древности	1
там опытные ораторы	1
сочинении пир мудрецов	1
начало комедии с	1
первое печатное издание	1
хремил мирно почивает	1
видеть зародыш комедии	1
от искусства льва	1
выступление против неправедно	1
отрывок комедии кратина	1
потрудилась в саламинском	1
только два фрагмента	1
поддержке со стороны	1
в ар^(т] ощущается	1
долголетнюю пелопоннесскую войну	1
существующего строя самый	1
для каждого праздника	1
еще одна наиболее	1
также неотесанным грубияном	1
сделало возможным зарождение	1
способен на такое	1
делать объектом культового	1
своим репертуаром регулярными	1
аристофановского колбасника варварское	1
пьес платона антиплутократическая	1
отрывку содержание демов	1
более широкие перспективы	1
все афины несколько	1
из жизненно возможных	1
и городского населения	1
моральное право оратора	1
этом что евафл	1
идеологии результатом этих	1
плутосом исцеленный от	1
отрывок представляет довольно	1
но земля многократно	1
свойство которым они	1
выражения комический гений	1
назвав только демагог	1
из граждан-любителей расходы	1
их маслины и	1
сведущий в науках	1
i xiv элемент	1
он отвлекает другой	1
беллерофонте теперь аристофан	1
в судьбах афинской	1
девяти высших должностных	1
столь высоко ценимая	1
чрезвычайно наглядная характеристика	1
перикла фр в	1
норм не позорили	1
законов государственного общежития	1
к себе авторы	1
аристофановской комедии вероятно	1
и кратковременного господства	1
когда приходится выбираем	1
с афродитой пел	1
исходили попытки обуздать	1
еполида в какой-то	1
и мир завершаются	1
миру и свиды	1
походов в аттику	1
что абсолютная истина	1
речь направленную как	1
что евафл действительно	1
по сообщению гесихия	1
присутствовала еще одна	1
пародируя сюжеты и	1
средств принадлежащих всему	1
демагога архедема фр	1
их бесхитростному существованию	1
симпосиарха среди беспутных	1
тематика занимала очень	1
роль троянского царевича	1
этим событиям в	1
завершалась комедия эксодом	1
призванным избавить афинский	1
неудача исключение составляют	1
первой половине фесмофориазус	1
общественное мнение в	1
слабой к утверждении	1
большинстве случаев трудно	1
способствовавшие проведению агрессивной	1
сцену принадлежит к	1
в защиту крестьянства	1
древней комедии соответствует	1
по-видимому совершенно разнородных	1
это предложение дикеополя	1
здесь в комедиях	1
г честный афинский	1
друзья его из	1
антодой] принадлежавшими участникам	1
противоположные точки зрения	1
бугылочку как впрочем	1
можно выявить три	1
крестьянские песни в	1
зависимости от потребностей	1
орхестры перегораживалась продолговатым	1
работы в работу	1
reliquiae ed a	1
и комментаторы также	1
были хорошо понимать	1
распевая за столом	1
в гражданском коллективе	1
служит предметом пародии	1
κωμωδίας и в	1
после этого аристофан	1
укрепить свое влияние	1
набеги на окрестные	1
лермонтова не сложились	1
постоянные театры и	1
торговцы выдвигавшие из	1
начала войны и	1
xiv элемент личных	1
аттический земледелец брал	1
происхождения которых комедия	1
в консервативное военизированное	1
же фрагменты сохраненные	1
не так жили	1
испытывал огорчение и	1
стих по возможности	1
приводит к выводу	1
делиться плодами одержанной	1
отдельными социальными группировками	1
безнадежные предприятия отсюда	1
iv в задняя	1
содержание которое мы	1
большинству простых граждан	1
рабовладельческих мастерских и	1
крохи но значительная	1
следовательно гагнон принадлежит	1
или принесении жертвы	1
προς aw-xa δε	1
потомственного богача каллия	1
в афинах середины	1
zimmerman в die	1
обстановка в афинах	1
хочет вспомнить сколько	1
заключительное словo и	1
новое или хотя	1
и плутарха quaest	1
колбасник во всадниках	1
прошлого представленных во	1
античное стихосложение рифмы	1
то есть больше	1
по достоверности самым	1
прошлого однако уважение	1
г следовательно все	1
еврипида десь он	1
красок взрывавшийся перед	1
казенных средств к	1
категории положительных или	1
в греческой праздничной	1
называемых тридцати олигархов	1
свою пользу взносы	1
к неопределенным временам	1
в году до	1
de comoedia и	1
тот сказал что	1
крестьянства в период	1
и еврипид аристофан	1
перестановках повторениях опущениях	1
до римского этапа	1
случае оно возбуждает	1
относительно которых сплошь	1
лепешки осыпавшись валялись	1
h.-d menander darmstadt	1
в как πλούτοι	1
по жребию по	1
чувств так же	1
на взаимно наносимый	1
неизбежно приводить их	1
три до войны	1
вмешивается в состязание	1
когда в афины	1
и элегика меланфия	1
комедии с х	1
вся новизна его	1
особенно яростные насмешки	1
fr служит для	1
и поступков аристофан	1
не употребляются соединительные	1
звучит сочетание ov	1
такое тонкое его	1
противника он совершает	1
вклинивается эпизод в	1
нашего времени тот	1
людям богатство не	1
после г с	1
идеологической направленности анализ	1
пародирования трагедии один	1
если героем ранних	1
трех десятков а	1
насмешки отсюда видно	1
фриниха объясняли ακορ-ψον	1
амипсия конн названная	1
воспрянул и расцвел	1
и с вполне	1
к которым прибегают	1
демократии так в	1
честности и справедливости	1
странам мы встречаем	1
του δέχεσ^αι δώρα	1
формами поступившими в	1
их к мобилизации	1
котором приводится отрывок	1
фр ср фр	1
остается равнодушной к	1
нечто выкатываемое изображавшая	1
праздником сельского населения	1
осах лисистрате экклесиазусах	1
эти две стихии	1
очень противоречива как	1
штрихов и зарисовок	1
однако трагический хор	1
неведомых стран и	1
что-то символическое для	1
крестьянство являлось социальной	1
menander reliquiae ed	1
против стяжателей фрагмент	1
и людей фр	1
п границы трагического	1
о литературных приемах	1
качество стихов эсхила	1
было бы однако	1
поражающим cвоей новизной	1
eupol fr и	1
на трою губительную	1
во множественном числе	1
компиталии были праздником	1
качестве обобщающих работ	1
единственная общественная проблема	1
выведен уже под	1
сцены это предложение	1
которую можно рассматривать	1
как сикофант шантажировал	1
наметилось существенное противоречие	1
страшно и противоречиво	1
и еврипида? очень	1
термин этот достаточно	1
ряд неувязок и	1
только в условиях	1
отсюда к глубочайшая	1
пользуясь его временным	1
афинский бедняк хремил	1
комическим поэтам запрещались	1
собрания и составление	1
нуждаясь в поддержке	1
пародий на недошедшие	1
комедия с римскими	1
о способах и	1
отношении захватываемых городов	1
хор выказывал живейшую	1
песчинок умещается в	1
безумно любившего литературу	1
о смертный не	1
и наиболее благородного	1
жалуется что у	1
в рукописях x-xi	1
нападки на евафла	1
автор вторую особенность	1
анализ комедийного наследия	1
сообщениями схолий к	1
комедии проистекают из	1
предложение другие исследователи	1
комедии что касается	1
привлекут в первую	1
и других демократическому	1
римскими фесценнинами гораций	1
достаточной устойчивостью на	1
дифирамб пеан пародируются	1
пока те не	1
этой роли прибаутки	1
в развязывании пелопоннесской	1
polit v а	1
примерно столетний период	1
памфила в том	1
комедии обменивались симметричными	1
видем творческому методу	1
по изд menander	1
хозяева рабовладельческих мастерских	1
каждый раз новые	1
существующее в области	1
нового pаба из	1
народа грубая лесть	1
захочет подвергать себя	1
комедии происходило от	1
всех эллинов богиня	1
одну из отличительных	1
свои скромные владения	1
поддерживалось лаконофилами из	1
стиля вообще одна	1
стали орудием протеста	1
для судебного разбирательства	1
между участниками священной	1
самую суть общественно-политических	1
мог бы только	1
потом для комедии	1
демократизации государственного строя	1
изображение художественных приемов	1
элементарной сытости бедняка-труженика	1
сицилия фр лакедемоняне	1
ксанфия лягушки и	1
выразил в комедии	1
разрушение памятников языческой	1
и дают представление	1
см например обе	1
цитируются и чаще	1
претерпевающий вместе с	1
эта надежда оказывается	1
наконец из преданий	1
престарелого драматурга и	1
во фрагментах с	1
комедия является их	1
партию обсуждению злободневных	1
себя в этой	1
ом всадники и	1
комедия в защиту	1
театре диониса вникать	1
опустошают троянскую землю	1
повседневной жизни афинских	1
не принимает решительных	1
не всем беженцам	1
в исследованиях по	1
гражданам и не	1
εμμέτρου κωμωδίας рассказ	1
мере наделяет любого	1
до нашей эры	1
и oб их	1
его окружения переходят	1
его антагонисту отрицательному	1
он поставил сразу	1
инвективные песни возникавшие	1
в менталитете их	1
оставляют в дураках	1
стилистических приемов аристофана	1
аттические средние и	1
божественного и самого	1
на правах общественной	1
друг ют друга	1
также у римских	1
деревенском происхождении комедии	1
протокольные формулы декретов	1
самых высоких материй	1
других позднегреческих источников	1
и богатая рабовладельческая	1
выделила еще двух	1
фольклорных обрядовых функций	1
нами творчество поэта	1
намек на какой-то	1
обильными гроздьями в	1
лидерам радикальной демократии	1
окончания л к	1
от заветов традиционной	1
афинах обстоятельства сложились	1
и единственное что	1
ему природа жанра	1
от жары и	1
агоне главного персонажа	1
подбирался из граждан-любителей	1
относится но без	1
но античное стихосложение	1
этот отрывок дает	1
великолепный лирический поэт	1
получивший широкое распространение	1
в ахарнянах облаках	1
персами при марафоне	1
издания тех далеких	1
ответить на это	1
уровень одного отдельно	1
в афинах обстоятельства	1
катастрофы и занятия	1
подсчитано что всего	1
афин выразил в	1
стороны сообщение паросской	1
из прямого указания	1
так и после	1
от литературы критического	1
гг то были	1
на основании краткого	1
же самое надо	1
мегарской строчки легко	1
избегает пародийной критики	1
клеон гипербол и	1
свою первую комедию	1
гибнут их маслины	1
посвятил осмеянию известного	1
освещение одной из	1
платона в которой	1
используют подобное же	1
оживленная игровая сцена	1
осыпавшись валялись обильными	1
с ритуалом посвященным	1
это однако ни	1
из наиболее активных	1
и луначарский всепобеждающую	1
стихи из нескольких	1
героев правда в	1
январь-февраль ставились каждый	1
для афин комедия	1
и внутренней политике	1
грозит судя по	1
и еврипида которых	1
принимал сторону этого	1
тридцати олигархов хотя	1
издание веницианца альда	1
арсенал незатейливых балаганных	1
мы знаем во	1
в число отобранных	1
указывает что после	1
отношении наоборот известна	1
этого можно сделать	1
бедняка-труженика да и	1
победу в политическом	1
три комедий во	1
что после персидских	1
в одном драматическом	1
комедии характер комедии	1
отличием от художников	1
epist i ii	1
с развитием товарного	1
т i с	1
был человеком образованным	1
аттики спартанцами в	1
комментаторы также связывают	1
болтуна специальную комедию	1
из фракийского племени	1
действия и на	1
в тт и	1
ними задач типичные	1
многие сотни литературоведов	1
πλούτο· из папирусных	1
перешла например на	1
χοψωδιας ему приписывают	1
непрошеные любители таскать	1
компиталиями cgf i	1
обличительного начала и	1
аттической комедии осталась	1
участи союзников обираемых	1
άφέμενος τ^ς ιαμβικής	1
чем интересны для	1
фольклорную обрядовую лирику	1
в споры о	1
сопутствует демагогам в	1
провал спектакль начинался	1
pars ii ed	1
сторону этого действующего	1
очень просто взвесить	1
отвечал этому порыву	1
число примеров может	1
форм комического вовлекающих	1
статьей которую можно	1
большей частью сам	1
крупнейших авторов кратина	1
им как и	1
одного из которых	1
где далеко не	1
v начало iv	1
взяточничество этими качествами	1
у читателя аналогии	1
иначе его возвышенные	1
время аттические крестьяне	1
отступники от моральных	1
явлением в комических	1
завершившуюся для афин	1
чтобы обеспечивать благосостояние	1
посылает афинянам когда	1
перикла клеона и	1
гнущий спину в	1
довоенному периоду могут	1
сократа сразу делало	1
исстрадавшихся афин но	1
подверженного губительной силе	1
вызвать недовольство аристократической	1
мифологические пародии о	1
бы центром вокруг	1
другой стороны сообщение	1
и сократом? во-первых	1
бедного селянина голова	1
произвола богатых обидчиков	1
комиков так неоднократные	1
своей головы как	1
кого могли быть	1
у софистов могла	1
рифмы не знало	1
отсылки к именам	1
лучше понять вспомнив	1
φιλίνου μεγαροο-εν τριποοίσκιος	1
и относят ее	1
в жанре древней	1
фейерверк словесных красок	1
течениями степень зловредности	1
dusseldorf-zurich segal e	1
которого зрители легко	1
всего привлекает возможность	1
мнению начало комедии	1
легко различить в	1
время войны искусным	1
афины где далеко	1
художественное состязание между	1
афинян г можно	1
решения прекратить войну	1
оценке положения создавшегося	1
к демократическому строю	1
разницы между софистами	1
собственное значение множество	1
а и iv	1
и фантастических ситуации	1
рода явление представляли	1
что должностное лицо	1
свою неусыпную заботу	1
пелопоннесской войны появление	1
впоследствии к ней	1
порки в то	1
представления в древних	1
поэта не могут	1
от насущных забот	1
сюжет получивший широкое	1
без понукания посылает	1
двадцатых годов в	1
существовавших афинских политических	1
ее остатки запертые	1
адресу аргосцев эти-то	1
оно в каком-нибудь	1
кратина не раз	1
ii слл говорит	1
зрения содержащейся во	1
дарующих людям богатство	1
богов ливия много	1
теперь дает основание	1
на ленеях года	1
апелляция к эпохе	1
schol ad eth	1
для того чтобы	1
из аттических комиков	1
течении комедии обменивались	1
действа или театр	1
известной долей условности	1
народа разумеется во	1
персональной насмешки отсюда	1
обрядовую лирику и	1
рассматривать древнюю комедию	1
год и т	1
ахарняне г честный	1
ипритом еще занимается	1
фриниха монотроп пусть	1
вызвать в афинянах	1
фрагменты то надежно	1
аристофан посвящает целую	1
мифологической пародии в	1
отличие от беллерофонта	1
именно в это	1
заметнее всего это	1
снедь и приправы	1
дионис в лягушках	1
мертвых мильтиад который	1
действующих лиц жалуется	1
использоваться для насмешки	1
комедии т м	1
по фрагментам довоенных	1
того типа который	1
хрестоматии прокла который	1
раз в комедиях	1
волновавших общественное мнение	1
можно насчитать до	1
παλλακην κϋνώπιδα бесстыдной	1
элементах древнего комедийного	1
истории афин ставя	1
образ софиста вообще	1
не кто иные	1
фукидида i павсания	1
фарса эти две	1
предал спартанцам навпакт	1
александрийский cgf i	1
его недошедшие комедии	1
обученный мастерству красно	1
могущественной морской державы	1
этом свидетельствуют две	1
деятельности написал не	1
в современности в	1
и дополняемым сообщениями	1
к новым владыкам	1
его демократические принципы	1
и корыстолюбию первых	1
очередь строки заполненные	1
горожан и земледельцев	1
ахарйянах ст невозможно	1
захватываемых городов союзников	1
одного отдельно взятого	1
отвлеченность подвижность изменчивость	1
признавался в том	1
в образе широко	1
древних комиков дошедших	1
свойствам этого человека	1
относилась всегда с	1
лисистраты особенно следует	1
герой называет разных	1
и за беспощадные	1
торгово-ремесленных слоев на	1
комедию и завоевал	1
себя персональные сатирические	1
временная политическая коалиция	1
птицы так в	1
мы найдем нелестные	1
нумерация стихов везде	1
и проходили как	1
к его ратному	1
демах кратко но	1
время от врeмени	1
особенно кариона богатство	1
лисистраты все это	1
прикажите в силу	1
демократизм еврипида как	1
гражданина совершенно софистический	1
общих чертах композиционная	1
истинного трагического поэт	1
травестийной комедии миф	1
всего в комедиях	1
постигает или явная	1
сообщением плутарха что	1
победу колбасника обеспечивает	1
в развитие действия	1
можно насчитать за	1
окружении льстецов и	1
одаряют любого льстеца	1
в древних афинах	1
личных нападок был	1
предположение и основательно	1
великого тирана κεφαλεγηρ^την	1
а к весьма	1
его отстаивать выдвинутый	1
аристофан в разной	1
глубоко верная для	1
относится к гг	1
строю реrid ср	1
крестьян именно здесь	1
границы реального и	1
их будет фантастическое	1
для афинян повторились	1
с еврипидом пародируется	1
афинскими богачами так	1
поэты широко использовали	1
ученого-шарлатана обогащая ее	1
иронических замечаний по	1
булевтов послов и	1
объединяемые еще в	1
характеристики которая обычно	1
выслушивать в народном	1
прыжка об восковым	1
заглядывали в город	1
не упрекается в	1
средств к числу	1
героя однако решающая	1
рабовладельческой демократии во-вторых	1
благоприятное время и	1
попасть в страну	1
пиндара и современные	1
личностью в афинах	1
общественного строя в	1
очевидна для аристофана	1
ii веке нашей	1
первые десять лет	1
все более неприемлемые	1
же комедии архилохи	1
опустошении аттики спартанцами	1
пнигос удушье т	1
кратина из отдельных	1
писателей и заставляет	1
спартанских гармостов и	1
аристофана известен нам	1
по содержанию фрагмент	1
продолжала проводить свою	1
ораторском искусстве и	1
a что комедия	1
например испытание диониса	1
менее значительные фрагменты	1
ремесленников стариков и	1
с речами лисия	1
вслед за античными	1
торжественность пророчеств и	1
решение забирает с	1
шаги древнегреческой комедии	1
связанные с афинскими	1
к фрагментам относительно	1
претендует на должность	1
с единым правительством	1
электры aнтигоны eврипидовской	1
и этическими течениями	1
наиболее специфическая ее	1
вполне сознательным усвоенном	1
и основательно то	1
пифия не мог	1
сжатом виде изображен	1
долей объективности оценить	1
от моральных норм	1
них хватило сил	1
также фрагмент из	1
был направлен против	1
две комедии евполида	1
о сусарионе относится	1
ее переделать но	1
в которой мифологическая	1
ошибочно производить самое	1
и естественное природное	1
кочевать из работы	1
таланту которого комедия	1
иногда в них	1
исторического реформаторы и	1
раба-кожевника двое слуг	1
мелкой парцеллярной собственности	1
стремлении обезопасить свои	1
пелопоннесской войне и	1
берега пелопоннеса тактика	1
земли и самим	1
граждан нуждаясь в	1
тирании феагена и	1
афинский флотоводец формион	1
великих дионисий в	1
активными сторонниками политики	1
лучшие времена классической	1
интересами сельского и	1
своего выражения комический	1
комедии из схолия	1
демократии комедия остается	1
отказ от неоднократных	1
по оригиналу сокращение	1
составлявшие большинство в	1
аттики господство на	1
потому что они	1
эти нападки комиков	1
или земледелец не	1
рабы пользовались во	1
так дикеополь а	1
каждая из них	1
несущая разорение хозяйству	1
новое время и	1
утром сравним первые	1
свой выбор на	1
предающихся обжорству и	1
обитателей неведомых стран	1
исторической ограниченности афинской	1
и в хиронах	1
найдем нелестные отзывы	1
по настоянию писандра	1
над богами тем	1
образом положительный гepoй	1
что аристотель предполагал	1
по адресу руководителей	1
членов не употребляются	1
эсхила аристофан относится	1
воинов не говоря	1
примитивного фарса и	1
глаголом начальствовать в	1
положение меняется демократия	1
комедии как жанру	1
победой фр и	1
операции сто золотых	1
а может быть	1
происходило столкновение различных	1
редины v в	1
дух реванша и	1
останется так же	1
этой причине сельские	1
незатейливых балаганных средств	1
создается у аристофана	1
из папирусов совершенно	1
ведущих праздную жизнь	1
бы ни изображал	1
не следует упускать	1
эллинов на основании	1
древней комедии при	1
площадка на колесах	1
есть что-то символическое	1
см а процедура	1
критические десятилетня поворотный	1
такое буйство красок	1
афинской демократии ограниченности	1
идеала красоты и	1
или что-либо тому	1
множество явных противоречий	1
стихов заполняются вереницами	1
когда сложилась при	1
во второй сюжетная	1
одном из своих	1
с такими типами	1
цец в одном	1
царь сатиров отчего	1
авторы если они	1
в его распоряжение	1
художественных приемок благородство	1
происхождению комедия аристофана	1
его обзывают египтянином	1
знатью cgf vii	1
распределение богатства среди	1
которые он получает	1
характеристику аспасии как	1
период древнеаттической комедии	1
палица упоминаемая в	1
в vii vi	1
называть чужеземцев негодные	1
раз подпадал под	1
же prolegomena счел	1
объясняются например нападки	1
статьях опубликованных в	1
аттический земледелец привязанный	1
и писатели своим	1
полисов городов-государств каждое	1
грохочет война мирно	1
писандра в правление	1
или совсем не	1
которую можно было	1
хор мог изображать	1
νεοπλουτοπονγρο)ν мерзких подобных	1
ситуации практически он	1
взвесить их стихи	1
в пароде хор	1
сливавшимся в сознании	1
умерших поэтов материалом	1
правильный но если	1
на известного богача	1
агрессивной внешней политики	1
кратин и ферекрат	1
антиплутократических выступлений древней	1
сокращение ст стих	1
ii recto это	1
его обводят вокруг	1
что фесценнины бывшие	1
начала и разговорная	1
насколько правдиво изобразил	1
аристофана особенно показательны	1
ориентацией городских торгово-ремесленных	1
порядке следует рассмотреть	1
роль перикла в	1
фантастическое блюдо к	1
лягушки поставленной на	1
временам в барменов	1
афинских комиков поскольку	1
действительности на способы	1
и доната переводящего	1
изображать и обычных	1
аристофановскпх лягушек в	1
чем настаивали софисты	1
нападки см например	1
не допускались даже	1
заботясь о соответствии	1
превышает можно насчитать	1
не вызывает сомнений	1
навпакт его поведение	1
папирусному отрывку содержание	1
его отца ликона	1
вопрос о взаимоотношении	1
аристофан пишет пьесу	1
бурного развития рабовладельческого	1
изображал хор в	1
похвалиться ничем подобным	1
него тратились огромные	1
так наметилось существенное	1
обвинения в подкупе	1
цели служил агон	1
приемов но и	1
в сопровождении ликующего	1
сельское население пережили	1
в комедиях гг	1
среди делегации мертвых	1
но и все	1
перед лицом самого	1
должностное лицо ведавшее	1
поэта творчество аристофана	1
фрагменты сохраненные у	1
остается последний вопрос	1
беспощадно-жесткого прокрустова ложа	1
н достаточно четко	1
и земледельцев богачейи	1
где для каждого	1
а между тем	1
о заслугах каких-то	1
брасид в апреле	1
явно противопоставляет нынешним	1
семьей на гроши	1
паразитическим настроениям охлоса	1
населения тем все	1
о большой устойчивости	1
молчанию при молитве	1
выражение и еще	1
диалогов наконец после	1
начатой в т	1
организующим началом лексической	1
указывает что кратет	1
на пелопоннесском полуострове	1
гражданину мало заботясь	1
эти слова кратина	1
анонимных трактатов т	1
мере всех вещей	1
удивительной противоречивостью театральные	1
в лучшие времена	1
амфиктионы телеклида μεταλλ^ς	1
афинского акрополя с	1
их поэтическом состязании	1
объекты критики у	1
ведавшее в афинах	1
второй сытную еду	1
беспомощно слабой к	1
среды богатых демагогов	1
комедия являвшаяся крестьянским	1
со спартанцами и	1
всю новую науку	1
в пьесе поставленной	1
одну из наиболее	1
настоящий том посвящен	1
отваливают тяжелый камень	1
в повозках и	1
этим надо также	1
по пх мнению	1
драмы классического периода	1
давно запрятана богиня	1
был присущ и	1
т е явление	1
внешней формы и	1
исторического лица а	1
та часть стариковского	1
культовый священный брак	1
возможных вариантах композиционная	1
противоположность трагическому все	1
мастерских использующим поддержку	1
от врeмени aристофана	1
уже в прологе	1
вязанки дров с	1
таковы свидетельства схолиаста	1
художественный образ суммой	1
тем что их	1
ней случайно прибавились	1
комедии отсюда и	1
ссылках на античных	1
против перикла еще	1
к земле и	1
кратина всевидящие направленная	1
в парабасе его	1
веке пиндар мифологических	1
die griechische komodie	1
случае настроение широких	1
используются едва ли	1
упоминавшихся льстецах евполида	1
эпохи возрождения когда	1
и культовых обрядах	1
и знатности которых	1
между отдельными социальными	1
и самого безрассудного	1
и диалектическом единстве	1
великих дионисий начинается	1
чем форма аристофановскои	1
рук тиранов plut	1
даже самых видных	1
себе авторы указанных	1
и современные ей	1
источники показывают что	1
демократии а наоборот	1
слово прием хотя	1
v а и	1
источников cgf i	1
поэта который прекратил	1
то следовательно диомед	1
можно сделать заключение	1
показательно по содержанию	1
когда были заново	1
традиционной нумерации на	1
конца в лисистрате	1
известный афинский флотоводец	1
открытая враждебность по	1
основная масса демоса	1
мы не находим	1
fr в дополнение	1
составлении настоящего тома	1
их за отказ	1
а в душе	1
в комическом контексте	1
премьерами в год	1
хозяина демоса афинский	1
отдашь добровольно либо	1
и мильтиад упоминаются	1
богатых демагогов неоднократно	1
девиц ахарняне другой	1
постановки которой была	1
происхождении и кратин	1
своей юности когда	1
него то остается	1
тогдашних афинах сократа	1
быть точнее около	1
на необходимость его	1
возможно что придание	1
и в разговоре	1
м von die	1
рода художественный прием	1
праздниках великих дионисий	1
между тем с	1
для зрителей каменный	1
чужеземном происхождении у	1
материала предоставленного ему	1
в период кризиса	1
самом склоне творческого	1
мера всех вещей	1
сократа называют нищим	1
обобщенный художественный тип	1
и параситов фр	1
трудов при составлении	1
людей и одновременно	1
заняли примерно в	1
бросает ему упрек	1
фукидидом и принимавший	1
разрешения отсюда не	1
парабасы и даже	1
источник некоторых сообщений	1
разбогатевших казнокрадов корыстных	1
используемая диалектика поступала	1
форма свободной мелкой	1
полевым наделам но	1
здесь нас снова	1
характер свадебной процессии	1
демагога мидия последний	1
фр полизел высмеивал	1
против стратега аристарха	1
разграбление спартанцам свою	1
как трагедии так	1
достаточно откровенно намекавшем	1
который сам как	1
циничном и неприкрытом	1
и восхваляет современных	1
птичья космогония в	1
с тем конечным	1
конец объяснение этому	1
замыслу античного редактора	1
мастерских и оптовые	1
менандра по изд	1
что постройка длинной	1
ιδέας отбросив элемент	1
своим временем с	1
v начале iv	1
уровня произведений созданных	1
или paus iii	1
все сорок лет	1
приговор аристофану во	1
только в прологе	1
комедии кокал и	1
влиянием современных нравов	1
демы и города	1
п уже по	1
подозрением и склонна	1
неизведанным поражающим cвоей	1
что алкивиад и	1
тяжелом для афинян	1
голода афины признали	1
τοΐν σφυροΐν ελκοντα	1
недостойным свободного гражданина	1
одна семнадцатая комедии	1
трою губительную войну	1
чудовищами κνώδ^λα ά^χιδί	1
широкие перспективы и	1
сократа в облаках	1
аристофановскои комедии до	1
на его достижения	1
с облаками и	1
близок уж час	1
тому подобное цель	1
словами одного из	1
произведений самого аристофана	1
никаких оснований предполагать	1
возникшее в прологе	1
также в лягушках	1
сходстве и различии	1
образом создается у	1
наши сведения о	1
округов на которые	1
симпатиях поэт явно	1
комедий от некоторых	1
вспоминали и о	1
достигаемая материализацией самых	1
к весьма прозаическим	1
участки от разорения	1
выявляется что сила	1
появление утопических картин	1
пьесы являлось по-видимому	1
у зрителя с	1
отдавая должное этим	1
комедии ξένος это	1
своих граждан откровенной	1
счет государства άμοργοί	1
предложил вниманию зрителеи	1
незначительной прослойки крупных	1
i стр между	1
право оратора реальная	1
половине пьесы до	1
и гг появляется	1
водой вино фр	1
и поскольку этим	1
границы трагического искусства	1
протестующих процессиях крестьян	1
к уму а	1
на вечно неувядающих	1
схолиаста почти дословно	1
зданием скеной имевшей	1
и неприкрытом разврате	1
или четыре геракла	1
упрекает перикла в	1
афинах выявились острые	1
общественно-политическая тематика и	1
в облаках безнравственное	1
взяток вывод из	1
просо вытопчем вытопчем	1
ленеи раздавались насмешки	1
платон назвал его	1
демагога в комедиях	1
и относительно мало	1
же выступавшие там	1
предлагаемого для них	1
всегда три комедий	1
яростные к довоенному	1
афиняне дома и	1
но он связано	1
этих строк градиньян	1
данное ему поручение	1
того устроились снова	1
кратина поставленной одновременно	1
результатом деятельности комического	1
похвальный отзыв об	1
и в наиболее	1
этого рода ориентированы	1
ясно что действия	1
направленности анализ комедийного	1
верхушка афин на	1
упомянутых а двадцать	1
как άπανουρ^ον απλούν	1
богатстве безмерно далеком	1
он предпринял войну	1
бою в облаках	1
обычно постигает или	1
ассоциируется небольшое вступление	1
для комедии с	1
теориями которые приписываются	1
неженок и распутников	1
тем как разбавляют	1
стратегов-аристократов прошлого однако	1
даже самых верных	1
фарсом после страшной	1
даже мифологических персонажей	1
не приходится отрицать	1
оснований предполагать что	1
и опасность абсолютизации	1
по другому пути	1
страдают непониманием художественных	1
не свидетельствуют о	1
фрагментов других афинских	1
некоего пифия не	1
афинский земледелец недовольный	1
в сообщениях латинских	1
тригея лисистраты особенно	1
однако неверным не	1
затрудняет политическую оценку	1
не удалось поссорить	1
замены или что-либо	1
материализацией самых отвлеченных	1
е верховным владыкой	1
тяготы войны έρανος	1
поворотный период от	1
сталкиваемся с парадоксальной	1
сытную еду на	1
задачу не входит	1
евпатридов еще должны	1
политической сатире аристофана	1
протяжении каждой комедии	1
не плохого но	1
позади такого признанного	1
по адресу ярых	1
сатирические нападки см	1
таковы планы дикеополя	1
и распутников а	1
афинских горожанина бегут	1
в то в	1
в уже упоминавшихся	1
еще не получает	1
афинянами правда в	1
сразу делало сценический	1
метров с орхестрой	1
и schol а	1
две комедии под	1
с глаголом начальствовать	1
этой псефизмы был	1
к оценке положения	1
нос не в	1
демократии клеена в	1
в течение всего	1
судьбой аттического земледелия	1
оставляет без ответа	1
общежития наряду со	1
было и произведениях	1
и горечью наблюдали	1
к конкретному реально	1
и собрать флот	1
нового порядка вещей	1
весь арсенал незатейливых	1
и свободным гражданам	1
изображение неведомых диких	1
ним согласуется и	1
поколений oîç δη	1
которых трудно с	1
в мегарах по-видимому	1
и относящихся вероятно	1
нам не столь	1
государствами и насколько	1
поставленных по меньшей	1
обкрадывающего своего дряхлого	1
при поддержке со	1
комедийного обобщения многократно	1
£ένος то στιγματίας	1
такие созвучия как	1
со строжайшей регламентацией	1
силы делало беспощадными	1
комедиях аристофана высмеиваются	1
силами и прежняя	1
здесь мы не	1
и притом за	1
для нынешнего читателя	1
песен уже явно	1
общую картину вырождения	1
сельский праздник с	1
так неоднократные обвинения	1
зависимо от близости	1
оно отпало само	1
той простой причине	1
и евполида создав	1
господствует демократическая система	1
обетованной земли по	1
в истории европейской	1
без осознанной ориентации	1
формы остались бы	1
поводу утраченного господства	1
была борьба за	1
по своему происхождению	1
о'нейлом и гауптманов	1
всего занятых в	1
ее теми конкретными	1
ремесленники из других	1
пускать кулаки и	1
угроза обращена невидимому	1
многократно использовались в	1
прошлом правда к	1
присвоение ими средств	1
особое место среди	1
только констатируется что	1
создают картину афинского	1
люди под сомнением	1
буквально нечто выкатываемое	1
аристофанова мира платон	1
царем удодом решают	1
со всего света	1
встречаем с одной	1
же диониса муз	1
лишь поэтической фантазии	1
десятилетию пелопоннесской войны	1
направленности произведений аттических	1
марафоне и саламине	1
области идеологии результатом	1
все остальные отрицательные	1
и опять триумф	1
выяснении социальных истоков	1
адресу ярых сторонников	1
комедии под своим	1
используя в форме	1
агитация с комической	1
характеристики истинным свойствам	1
в силу закона	1
мысль в комедии	1
аристофана показывает непригодность	1
моменты наивысшего потрясения	1
чужеземца либо как	1
что народ доверял	1
городе о другой	1
в которой перикл	1
и воинственным генералам	1
корней новообразованное слово	1
поднимались деревянные сидеья	1
безрассудного замысла в	1
признакам она объединила	1
аграрные обряды положившие	1
domos следовательно и	1
выработки олигархической конституции	1
два раба из	1
обращается к гражданским	1
был подойти к	1
он наложил на	1
в форму ττ^ς	1
индивидуализации образов приближающейся	1
склоне творческого пути	1
общественных противоречии а	1
хора стоял его	1
руки демагоги против	1
предполагается хорошая осведомленность	1
комедии от экфантида	1
качестве исторического источника	1
льстецах κομψοί άνδρες	1
ночевавшего в лакедемоне	1
в финале птиц	1
чистоте аттического народонаселения	1
гагнон стратег в	1
государству свою марафонскую	1
древней комедии допускают	1
до нас полностью	1
олигархов потому что	1
наложил на весь	1
кожевника прорицания предсказывающие	1
редко принимал непосредственное	1
слова о войне	1
аристократической оппозиции не	1
нелестно характеризовал мать	1
перед нами творчество	1
элемент персональной насмешки	1
на протяжении каждой	1
кляузник и расхититель	1
к своим садам	1
более радикальной части	1
лапки пародирует протагоровский	1
сорока комедии дне	1
средств убеждения последнее	1
якобы в в	1
морали вторая группа	1
в оно отпало	1
зародыш комедии в	1
афинянами но ни	1
дема стейрия служил	1
русской транскрипции но	1
желанное первое место	1
вероятно уже успели	1
зрителей для тригея	1
насмешки раздававшиеся на	1
заключение что комедия	1
великолепен карион и	1
весь стих но	1
дни ст пятикратным	1
евполида демы и	1
укрепления и собрать	1
фрагментах комиков мы	1
комедии ясно что	1
и как анекдот	1
отдававшая предпочтение общественному	1
послов и т	1
популярнейшего в античности	1
годы немало трудностей	1
елена во второй	1
котором каждый из	1
дешевые балаганные трюки	1
основания сомневаться в	1
не связанное с	1
которого комедия относилась	1
с и сократ	1
и гражданской нравственности	1
всего война с	1
комедии нуждается в	1
комедии понятие ρχτωρ	1
четырежды добавляется такое	1
своим деревням и	1
это убеждение подкреплялось	1
перед личным как	1
неизвестной комедии в	1
κουρείοις eupol fr	1
люди так или	1
клеона также папирусная	1
или величайшей радости	1
стремилась обеспечить каждому	1
и еврипид и	1
и гете о'нейлом	1
эпизоде с еврипидом	1
крестьянство высказывает свое	1
экклесиазусах ст завершаются	1
известно к тому	1
значении для создания	1
еще занимается сутяжничеством	1
аттика первое место	1
время когда плутарх	1
части комедии пронизывая	1
пристойного аристофан осуждает	1
европы здесь нас	1
комедию евполид посвятил	1
хvi века с	1
фр может быть	1
театр петрушки итальянская	1
с зевсом акад	1
некоторые выводы о	1
комедии в ней	1
за порчу добрых	1
геракла больше всего	1
третирует как варваров	1
открывающие путь к	1
выпады против разных	1
на должностных лиц	1
радикальным слоям рабовладельческой	1
которая руководила евполидом	1
девичьем гимне спартанского	1
были в афинах	1
σχανδίλη^ρ' ίπων ловушки	1
прикрепляет устойчивую характеристику	1
нападки на должностных	1
броней несколько иронических	1
организации они должны	1
симметричными партиями вокальными	1
обрядах в честь	1
и демагогам нажившим	1
созвучия как сходные	1
ситуации опустошении аттики	1
вся его изобретательность	1
афинах переходит к	1
регионах отстоящих далеко	1
что-либо тому подобное	1
в в пирсе	1
самой? ни в	1
подробным описаниям парижского	1
их произведениях и	1
откликается на все	1
усилиям ряда исследователей	1
оно возбуждает множество	1
войну о том	1
и новая легковесность	1
активных в политическом	1
сложнее обстоит дело	1
убедительными доводами смиряет	1
облака и комедия	1
в той же	1
безобидным культовым обрядом	1
произошла комедия с	1
рассматривать как единственного	1
философам и риторам	1
правило тому из	1
богатому гражданину хорегу	1
естественно и чувством	1
несомненно что именно	1
самое слово комедия	1
нажившихся мошенников ανδρών	1
хозяйство составляет экономическое	1
недошедшие комедии данаиды	1
впрочем несмотря на	1
а существительное имеет	1
достаточно условным так	1
и болезней всего	1
государства падение гражданской	1
обираемых и притесняемых	1
века где для	1
aristoph pax действие	1
чтобы вернуть мир	1
но не довел	1
социальной позиции аттических	1
жизни древних при	1
для их образов	1
на распространение комедии	1
υξπ.ρξιώκ заимствован из	1
умеющим подбивать народ	1
здесь тяжелое внешнее	1
перикл? в одном	1
молодого автора в	1
из них почти	1
конце концов привел	1
чтобы занести его	1
сообщался ступеньками по	1
в апреле г	1
случае сократа называют	1
сюда век перикла	1
ранее существовавшему дикеополь	1
речами лисия так	1
андокида всему сказанному	1
подобное же словесное	1
всадники аристофана особенно	1
καί χάπραινα фр	1
вполне основательно высказывает	1
окружения аспасия и	1
делилась аттика первое	1
см ниже №	1
дряхлого хозяина демоса	1
испытывавшего на себе	1
трагедиях сохранились от	1
не повинного но	1
к году комедия	1
идею социального обличения	1
корыстных целях этим	1
сама воина представляется	1
и после начала	1
театра которым почти	1
собрании или судебных	1
представленных ему для	1
столкновение различных точек	1
входит здесь ни	1
аристофановских комедий один	1
квадратных скобках на	1
древней комедии наши	1
сюжета во всадниках	1
число однородных членов	1
выше определена как	1
семисот тяжеловооруженных воинов	1
потребность в мире	1
эсхил и еврипид	1
у телеклида фр	1
комедия всадники г	1
добролюбов и луначарский	1
критика выделила еще	1
древних афинах являлись	1
беспощадные персональные нападки	1
исходит из жизненно	1
одой и антодой]	1
людей всадников крестьян	1
самым активным образом	1
το παλαιόν кратин	1
золотая молодежь стремится	1
вожди сила публичного	1
из пафлагонии сладкие	1
хор традиционный участник	1
что демос который	1
образцы представляют как	1
когда политическое преобладание	1
readings in aristophanes	1
историков античного театра	1
фрагмент ферекрата прикажите	1
тем что релятивистски	1
вступительные монологи в	1
материалом для их	1
гг евполид выступает	1
свои руки демагоги	1
века кайбелем было	1
о чем думал	1
осмеянию всю новую	1
и чужеземцев кратин	1
о ней см	1
аристофан ср его	1
проблем волновавших общественное	1
действительно страдают непониманием	1
одним из действующих	1
собой в стратеги	1
разъезжающие на конях	1
составляют только птицы	1
хорошая осведомленность зрителей	1
пелопоннесской войны аттическую	1
радости афродиты кроме	1
мифологической комедии такого	1
можем судить главным	1
воспитанию гражданина отрывая	1
насколько можно судить	1
э конечно никакая	1
от некоторых дошли	1
видели это уже	1
размышляя о высоких	1
римские компиталии были	1
пшеничная крупа и	1
остальные в мирное	1
отпало само собой	1
начать с вводного	1
софисту продику или	1
его лаконофильство евполид	1
олигархами однако в	1
дела видимо не	1
развития рабовладельческого общественного	1
на олимпе и	1
птичье племя аристофан	1
до состязания перед	1
причем аристофан оба	1
прикрепляет устойчивую фольклорную	1
наибольшей степени отвечал	1
аристофана здесь хор	1
факт прославление производительных	1
риторике у протагора	1
начал писать пьесы	1
домам вновь становились	1
этой ιαμβική ιδέα	1
городских ремесленников заинтересованных	1
повлек за собой	1
комедию женщины на	1
года и повторенной	1
пришли на землю	1
фр нападки комедии	1
полисах должны были	1
его герои и	1
бедность народ и	1
f a de	1
расином и гете	1
случае его обводят	1
дикие кратета амфиктионы	1
в качестве очистительной	1
и в гг	1
убеждения столь высоко	1
agrestia cgf т	1
песнями греков составившими	1
непосредственно или в	1
после поражения афин	1
паросской хроники о	1
распространение в комедии	1
что же касается	1
когда же неприятели	1
других современных философов	1
по довольно многочисленным	1
остается почти не	1
и представителей разных	1
и не устарели	1
едва ли когда-нибудь	1
однородных членов иногда	1
демострата одного из	1
спартанский полководец брасид	1
сказанному об отношении	1
придание комедии структурного	1
фр все это	1
которым прибегают герои	1
то мисийцем schol	1
оказывались в меньшинстве	1
почти до самого	1
объяснить эти нападки	1
десятков подражаний обработок	1
черты приближающие его	1
из работы в	1
ссылаясь на распространение	1
и дают своим	1
всего это в	1
в совершении каких-то	1
другому пути поэт	1
стихов из семи	1
и доступность разговорчивость	1
должны были отдать	1
сохраненные у позднеантичных	1
см ниже необузданному	1
неожиданную идею поражающую	1
афинах и недовольство	1
в его творчестве	1
и набеги варваров	1
в облаках носимых	1
тому же комедийный	1
комедии к аристократии	1
объясняет в частности	1
основательно высказывает предположение	1
произведенниях оборачиваются утопической	1
он несомненно уступает	1
σο,πρά και πασι	1
fr eupol fr	1
целой комедии ни	1
у гермиппа фр	1
и лесистую местность	1
почти всегда названному	1
меньшей мере за	1
раба ксанфия лягушки	1
облаков и сократа	1
другими более опытными	1
способ которым он	1
латинских грамматиков большинство	1
во фрагменте негодующий	1
его страстям и	1
fr и способ	1
противоположность алчности и	1
уже античная критика	1
касается литературной комедии	1
что всего за	1
примерно тогда же	1
а отражают устойчивую	1
комедиях других авторов	1
евполида как бы	1
же городах мы	1
участков поставлявшие кадры	1
под его влияние	1
облаками и конном	1
социологической дефиниции малопригодной	1
бомолоха как и	1
порчу добрых старых	1
лишь несколько трагических	1
ветви аттической комедии	1
естественно люди из	1
но происхождение этой	1
и о добром	1
движением броней несколько	1
это непривычность ее	1
устройстве и как	1
тем что элемент	1
среди сохранившихся названий	1
богами тем не	1
каждого праздника требовались	1
фрагменте негодующий вопрос	1
было выражено в	1
способ действия демагога	1
в перикла это	1
который современная наука	1
общими для всех	1
была свергнута демократическими	1
на активные военные	1
ναταπύγον и еще	1
фр после поражения	1
сорок лет caoeii	1
заметный успех третье	1
комедий аристофана значительно	1
указывают на №	1
сыр из египта	1
and its audience	1
однако уважение к	1
творчество аристофана достигает	1
так же недоступной	1
на дионисиях и	1
государства и союзников	1
нынешние демы стали	1
комические авторы если	1
обусловленных противоречии современной	1
сицилийской катастрофы и	1
нем актеры спускались	1
противопоставлением образцов их	1
как жанру крестьянскому	1
к одной из	1
в античности еврипида	1
прямого указания которым	1
поражения афин комедия	1
хлебом играли в	1
произведении комедии же	1
использующим поддержку городской	1
все выгодные стороны	1
руки женщины приглашают	1
значение приближалось благоприятное	1
древняя греция не	1
спуститься на уровень	1
высказывает свое принципиально	1
хотя и незнатного	1
государственные денежки то	1
истоков комедии как	1
по мотивам трех	1
и переселялись в	1
февраль г в	1
комедия от κωμάζειν	1
размер одиннадцатиместной головы	1
претерпеть новые перемены	1
oтмеченные большей или	1
не по годам	1
вторую половину пьесы	1
порицая его т	1
мелкими землевладельцами объединившимися	1
эры желанное первое	1
при возможности возникновения	1
между прочим еще	1
свидетельству афинея vi	1
известно но происхождение	1
важных для характеристики	1
первое место среди	1
мой взгляд предложить	1
в состояние однажды	1
комедия эксодом уходом	1
демократией как это	1
в мегарах происходят	1
предприятия отсюда же	1
головособирателя т е	1
лет caoeii поэтической	1
науке недоверие и	1
к действительности на	1
сюжетная завязка мира	1
в афинах ремесленники	1
исключением произведений самого	1
в войну а	1
она состояла из	1
годами друг ют	1
годов в последних	1
на две равные	1
и только таких	1
после страшной катастрофы	1
πλούτοι кратина дата	1
честный и простой	1
мотив комедии этих	1
обвинял гипербола в	1
между стремлением к	1
афродите и этим	1
еврипида имело место	1
athen v schol	1
его распоряжение без	1
трех великих греческих	1
примера встречаются на	1
протокола ф особый	1
i zweite verbesserte	1
во времени и	1
о которых аристофан	1
συγγραφείς члена чрезвычайной	1
средств свойственных этой	1
мере за пять	1
и богатство имущим	1
повседневной болтовни торжественность	1
творческого соревнования а	1
невозможное осуществляется неосуществимое	1
сообщения аристотеля мы	1
сценический облик если	1
древней комедии это	1
слуг афинского демоса	1
владыки богов зевса	1
изменчивость человеческого мышления	1
в которой честный	1
старика который оказывается	1
quintil iii i	1
какому-нибудь богатому гражданину	1
трудом залечивают раны	1
ягоды из фригии	1
душе оказался трусом?	1
неоднократные обвинения в	1
удивляться как у	1
cratin fr но	1
ряде трактатов περί	1
перикла в том	1
последних именно так	1
с фукидидом и	1
исторического источника необходимо	1
в третьем отрывке	1
ее конец объяснение	1
поздне-античный компилятор афиней	1
фарса как старинные	1
его комедиям признавали	1
филологами обозначает понятием	1
есть мера всех	1
на сцене где	1
комедия не остается	1
легко угадывали клеона	1
от неоднократных попыток	1
либо как на	1
приходится высший расцвет	1
красавца каким был	1
слл говорит что	1
poet.i v b	1
вопросов внешней политики	1
нападки на политических	1
протагоровский тезис о	1
древнегреческих авторов аристофану	1
оборванного слепого старика	1
к тому что	1
голоса не пользовались	1
века с тех	1
ряду фр первый	1
разумеется могли быть	1
часто самым активным	1
построения арий и	1
орхестру сценическую площадку	1
фрагментам довоенных комедий	1
других менее известных	1
уступающую по достоверности	1
формы его проявления	1
лиц жалуется что	1
около ти и	1
раскрепощению человеческой личности	1
казнокрадство и взяточничество	1
граждан откровенной ксенофобией	1
них он передал	1
более активный чем	1
пелопоннесскую войну завершившуюся	1
совершает над своим	1
актера в маске	1
еврипидом и давно	1
серьезные опасения сторонникам	1
полагают что уже	1
его ратному труду	1
только птицы так	1
образа σχανδίλη^ρ' ίπων	1
нападкам за свое	1
афинскому гражданину мало	1
причине сельские жители	1
на п сл	1
отношениях первого и	1
отдельные сцены из	1
создает в своих	1
те немногочисленные фрагменты	1
такой бессильной в	1
гордостью перечислаются товары	1
неотесанным грубияном наподобие	1
же ахарнянах пять	1
время карион персонаж	1
в идеологическом содержании	1
дрянных людей фр	1
по глаголу συντριαινοω	1
все дозволено"? вместе	1
него не осталось	1
финикиянки причем и	1
аристофана достигает вершины	1
все его герои	1
всевозможную снедь и	1
л или отдается	1
предводитель а сам	1
аристократических симпатиях поэт	1
восстановили разрушенное хозяйство	1
созревшие эгинские лепешки	1
так что иной	1
выразительности поэтому он	1
установления дани для	1
возможным невозможное осуществляется	1
составленные в гексаметрах	1
что после свержения	1
ли можно игнорировать	1
оценки большого художника	1
хоров и непритязательность	1
денежки то это	1
комедии поставленные в	1
не входит здесь	1
лисистрате февраль г	1
и даже мифологических	1
государственного управления что	1
концу творчества аристофана	1
не видеть прогрессивности	1
аристотелю со своей	1
торговлей и относительно	1
важных государственных дел	1
в форме травестийной	1
этой цели могут	1
весь фейерверк словесных	1
диалог с изготовителем	1
расцвета к началу	1
телеф служит предметом	1
заинтересованность в судьбах	1
осталось даже горшка	1
ирония по адресу	1
демократии связанной с	1
для массового издания	1
воины внимание поэта	1
дикеополя тригея лисистраты	1
явилось государственное оформление	1
доступ на государственные	1
перикл пытался протащить	1
в афины где	1
гесихия насмешки направлялись	1
творческому методу аристофана	1
типичные шуты см	1
и трусливая молодежь	1
власть забрали в	1
мира еще более	1
возрастающем влиянии клеона	1
нашего поэта цитируются	1
море либо ты	1
им города и	1
науку нe делая	1
поставил на ленеях	1
фрагменты других комиков	1
песчаное суффикс хостю	1
что у нашего	1
относящегося к неопределенным	1
политическом единоборстве с	1
своим предводителем которые	1
о бурном темпераменте	1
своего друга актера	1
проходили как художественное	1
праздника требовались новые	1
сидеья для зрителей	1
чаще всего в	1
жизни тех поколений	1
человеком богатым aul	1
прогрессивности драматургии еврипида	1
как тот же	1
далеком прошлом правда	1
целиком повторяют друг	1
политика выражала интересы	1
авторов с величайшей	1
парадоксальной противоречивостью аристофановского	1
этим стремлением совершенно	1
поручение в то	1
формы древней комедии	1
за маской которого	1
обрядовый обиход анфестерий	1
удалось занять прочных	1
позднего вечера чтобы	1
преимуществами что и	1
в наследство государству	1
афродиты кроме этих	1
афин с союзными	1
а вслед за	1
своих замыслах выходят	1
празднество великих дионисий	1
έρανος и по	1
а лопотанье варварского	1
точкой отделяется отсылка	1
народу отсюда широко	1
ad av eupo	1
пародирует протагоровский тезис	1
и политическая программа	1
писандра уже внушало	1
прикрывается алчность и	1
страны в пожар	1
первые десятилетия iv	1
ничего не прибавляет	1
авторов комедий преобладание	1
трагедии в качестве	1
пародировании религиозных культов	1
мегар из других	1
а его аудитория	1
исходу конфликтов к	1
общем числе полноправных	1
государственности отсюда широко	1
комедиях гг v	1
с гермесом третий	1
г комедию марикант	1
против новых течений	1
непосредственное участие в	1
афинских трагиков эсхил	1
соответствует и необычный	1
его также неотесанным	1
дни начала войны	1
отдать на поток	1
провалившаяся аристофан попытался	1
v в симонида	1
получаем представление о	1
схолий к аристофанову	1
богатого чужеземца и	1
комиков дошедших до	1
и хотя термин	1
сыну лрароту желая	1
крестьян ведущих самостоятельно	1
фр наконец грустная	1
войну до победного	1
многочисленных свидетельств содержащихся	1
землевладельцев по которым	1
имевшего всенародное значение	1
кербером в отношении	1
нем участников н	1
пелопоннесской войны темой	1
к выводу об	1
государственного строя в	1
мужчин примерно в	1
порыву к полному	1
и патриотической гордости	1
недвусмысленное осуждение всего	1
мог оставить сыну	1
в амфиполе в	1
явление характерное впоследствии	1
индивидуального начала с	1
об академике л	1
который вздумал подняться	1
сократа к богиням-облакам	1
поклон к новым	1
ему для отбора	1
трактатов цеца cgf	1
большую часть времени	1
присоединялся к одной	1
предоставлялось разорять берега	1
получили отражения достаточно	1
в трагедиях поставленных	1
из уст аристотеля	1
трусливую реnсl главным	1
тем с самого	1
и казнокрадов богатство	1
как раз против	1
и прежде всего	1
выдвигали и одинаково	1
свойственно откупаться от	1
термина κορ-ψός изощренный	1
гипербола затем в	1
демократии во фрагменте	1
наглядная характеристика высокопарного	1
войны приходится высший	1
хотя многие приемы	1
комплекса стихов объединенных	1
будущего физического гения	1
хозяином волшебную церемонию	1
в афины из	1
рабы для государства	1
именно в тяжелые	1
она достигается? как	1
находящая отклик в	1
образом в мегарау	1
случаях речь идет	1
и речитативными эпиррема	1
и какой отпечаток	1
самого древнегреческого театра	1
действия утрачивая свое	1
образы эсхила и	1
нерпою десятилетия пелононнесской	1
аристид изрекает свои	1
они даются в	1
облаках осах лисистрате	1
выражено в комедии	1
по адресу представителей	1
κόλακα фр добавим	1
сатиры комедия всадники	1
настолько злы что	1
не щадившей даже	1
праздникам это убеждение	1
от голода и	1
в комедии ферекрата	1
другие богатые потому	1
в афинах когда	1
угрозой блокады и	1
декоративное оформление оставалось	1
защиту крестьянства тем	1
комедиографов сложнее обстоит	1
аристофановского героя достигающего	1
немесиды и подобно	1
него немесидой так	1
период кризиса афинской	1
лрароту желая зарекомендовать	1
имени обитателей подземного	1
финикия доставляет финики	1
автора в году	1
маяковский брехт но	1
г где под	1
беспощадными нападки аристофана	1
в средней греции	1
сделать вывод что	1
театр карагиозиса одно	1
в дополнение ко	1
зачинателей фаллических песен	1
в ламповом ряду	1
эвполида фр против	1
живейшую заинтересованность в	1
наше внимание привлекут	1
аргументом на основании	1
получаем доступ к	1
не подверженного губительной	1
селянина голова шла	1
вкусом которые подсказывали	1
блаженства именно в	1
софокла вовсе одна	1
от родных мест	1
в парабасе устами	1
κομψοί άνδρες fr	1
политике должностных лиц	1
всякой идеологической направленности	1
устройства была восстановлена	1
стали использоваться для	1
и сообщений свидетельствует	1
в поэтике о	1
но основная мысль	1
рабовладельческая и торговая	1
нас фрагментов можно	1
на него обрушиваются	1
однако основная цель	1
в афинянах дух	1
наделен всеми качествами	1
комедии лягушки поставленной	1
собственники парцеллярных земельных	1
драм популярнейшего в	1
нынешним стратегам лидерам	1
подпадал под его	1
после свержения в	1
производить самое слово	1
псефизмы был перикл	1
только комедии аристофана	1
открытую враждебную агитацию	1
характера о которых	1
пниксе потом перед	1
фрагмент из фракиянок	1
как против демагогов	1
от следующего указания	1
которых мы почитали	1
на себе все	1
милостями честных земледельцев	1
раз эта золотая	1
обедневших крестьян о	1
и пройдоху способного	1
из повседневной жизни	1
поставленная на дионисиях	1
в еще в	1
может быть увеличено	1
преобладает ярчайшая конкретность	1
только один перикл	1
парадоксом вся его	1
или отрицательного торжествующего	1
высасывающие сок губительные	1
одиозная фигура каллия	1
мы бы назвали	1
поддерживать афинян то	1
о псефизме некоего	1
для постановки своему	1
богатство не исключено	1
в пародировании религиозных	1
параграфы они отделяются	1
и чаще всего	1
глубиной нравственного ущерба	1
женитьбой на молодой	1
ему отдали дань	1
людей так гесихий	1
у позднеантичных авторов	1
комедий вопреки усилиям	1
колбасник подносит хозяину	1
комедии уничтожающей критике	1
к эпифорам прием	1
передал для постановки	1
приобретения? таким образом	1
античная критика выделила	1
проведению агрессивной внешней	1
что он не	1
несовместимость противоречивых чувств	1
с известной долей	1
противоестественным что в	1
искусство для защиты	1
[ ] а	1
дикеополь столько раз	1
для ее успешного	1
поставлявшие кадры гоплитского	1
в одном плане	1
среди названных здесь	1
падение ситуация в	1
именно так представляет	1
расточительством andoc i	1
афинянах дух реванша	1
со своим предводителем	1
свою власть на	1
объединила в себе	1
взывающей не к	1
против кого могли	1
единственные демагоги подвергающиеся	1
была видеть в	1
ст птиц в	1
фр название комедии	1
зародыш комедии и	1
в древности недаром	1
существу усиливается многими	1
при этом некоторые	1
входившие в обрядовый	1
яркого представителя целого	1
проявлениям во всадниках	1
городов союзников афин	1
других демократическому режиму	1
могли быть песни	1
для зрителя к	1
был очень заметной	1
г под угрозой	1
сообщением схолиаста к	1
всей европы здесь	1
так и особенно	1
самостоятельно свое хозяйство	1
аттических земледельцев нанесла	1
ярчайшая конкретность достигаемая	1
деятелям олигархического направления	1
хоровых и речевых	1
возникает вывод что	1
столетия спор о	1
дань кратин серифяне	1
и ленеи раздавались	1
социальные конфликты об	1
как параситы именно	1
хроника сообщения аристотеля	1
то главное свойство	1
целиком одиннадцать то	1
были поэтому мы	1
граждан εις τους	1
сидя у нас	1
его творчества от	1
так назывались административные	1
в результате происшедшего	1
доступных человеку вне	1
самого демоса колбасник	1
с тремя различными	1
andoc i athen	1
ваз овощей продавщицы	1
каждой филы административных	1
вспомнить что два	1
строя на необходимость	1
время от голода	1
персональные нападки оценка	1
еще отчетливее проявляется	1
к власть и	1
мошенников ανδρών νεοπλουτοπονγρο)ν	1
речевых партий тоже	1
к лету г	1
и протокольные формулы	1
никто бы не	1
отсюда и его	1
моего в руслане	1
хор даже в	1
хорошо понимать против	1
слепком с ее	1
законодатели и политики	1
стих но в	1
зарекомендовать его перед	1
создаваемого в комедии	1
на себя в	1
выгоды ввергать народы	1
передаче варрона как	1
чтобы изгнать кожевника	1
любом случае ясно	1
как обжору развратника	1
собранием и своей	1
место верный показатель	1
имя гипербола из	1
верная для характеристики	1
поэтому мы жили	1
об использовании древних	1
разбирательства их незаконного	1
возможным зарождение и	1
жизни афин которые	1
об отношении комедии	1
в пока в	1
в годы его	1
собрании и способствовавшие	1
клисфена в области	1
зевсом акад и	1
вполне уважаемый современниками	1
в более ранних	1
перикла и людей	1
уничтожение остатков политического	1
концов привел их	1
вовсе не искушены	1
комический эффект коль	1
является блудливая и	1
символом всей древнегреческой	1
подвижность изменчивость человеческого	1
кимона и возглавляемой	1
орхестру в веселом	1
м п л	1
сцены может служить	1
подчинялись нашей власти	1
схолиаста к дионисию	1
и платон в	1
вместе с тем	1
хозяин которому он	1
подряд в трех	1
с гимназическим учителем-словесником	1
свою защиту гагнона	1
еще нередко утверждается	1
некую новую общественную	1
вceй греции возглавляемые	1
алчность и корыстолюбие	1
комедии впереди еще	1
на весь ее	1
этому же времени	1
с известным сообщением	1
сытно поесть а	1
пароде парабасе и	1
части рабовладельческой демократии	1
чужеземцев как надо	1
времена классической древности	1
по два агамемнона	1
бога войны пользуясь	1
по адресу низкого	1
от серьезной идеи	1
к жизни каким-нибудь	1
навести порядок в	1
более подробном объяснении	1
лиц обвиняемых в	1
богатству и знатности	1
порядок в родном	1
мельчайшей мозаики цельную	1
вождь наиболее радикальной	1
ответа на вопрос	1
еврипида которому аристофан	1
ни геометрией ни	1
падение гражданской нравственности	1
изгнать кожевника оракул	1
право на искажение	1
афин по отношению	1
непосредственно в перикла	1
мерзких подобных андроклу	1
iii verso ср	1
данной характеристики истинным	1
гагнона никий из	1
лексической комической сцены	1
которого концентрируются люди	1
с участием персонажей	1
только молодежь из	1
как раз эта	1
слово может и	1
комедии с крестьянскими	1
не последнее место	1
какой-нибудь двусмысленности научная	1
актуальная общественно-политическая тематика	1
е явление божества	1
перикл был выведен	1
из этих элементов	1
и сама воина	1
эсхила и доступность	1
не означает что	1
сочетание ov целые	1
крупнейшими государствами эллады	1
множество но конечно	1
асклепия там покуда	1
в передаче варрона	1
верных исходных точек	1
сюжет исходит из	1
приводимой гесихием λέξω	1
комедии среди которых	1
старом времени когда	1
принимает все выгодные	1
книги из сирии	1
этого фрагмента принято	1
сторонниками политики продолжения	1
для владельцев крупных	1
а сам не	1
для них разрешения	1
афинское гражданство своего	1
платон в комедии	1
той же комедии	1
вылились в конце	1
же неприятели начинают	1
войны в афинах	1
что действия спартанцев	1
ее воспроизведения так	1
комедии схолиаст к	1
главное внимание уделяли	1
отрезанные вражеской армией	1
стиха то наше	1
как σο,πρά και	1
внешнюю политику афинян	1
und erweiterte aufl	1
соседнюю плодородную мессению	1
создавшегося в афинах	1
с крестьянскими праздниками	1
во всадниках являясь	1
это два длинных	1
ценимая еврипидом ничто	1
тимону в комедии	1
трудно определить когда	1
внешнее и внутреннее	1
лучшей из всех	1
развития который хоть	1
занятия промыслом недостойным	1
животных или птиц	1
состояние мира а	1
εις τους εύδόξους	1
антистрофа в пароде	1
аристофана приводит к	1
изобилия и всеобщего	1
которым он действует	1
е в том	1
может и не	1
конца v начала	1
каким-нибудь декретом перикла	1
зя триумфом причем	1
выгодные стороны т	1
главным аргументом на	1
именно с этой	1
несущие вязанки дров	1
высмеиваемых эсхилом ср	1
перекликается грустная констатация	1
разразившаяся война нанесла	1
диониса и ксанфия	1
считать кратина политическим	1
все сохранившиеся комедии	1
стороны интерес еврипида	1
его изобретательность вся	1
пелопоннесской войны относится	1
что в архилохах	1
отгораживает небо от	1
управления что простой	1
драматический конфликт пьесы	1
по себе автолик	1
συντριαινοω сам посидон	1
сценок балаганного характера	1
жанры дифирамб пеан	1
остатков политического влияния	1
современному пониманию слова	1
быть объяснена противоречивостью	1
написал не менее	1
и полувека после	1
представление поздне-античный компилятор	1
комедии аристофана охватывает	1
ситалка ирония по	1
герою здесь мы	1
теперь дарующих людям	1
блошиного прыжка об	1
не примут решения	1
представляет его себе	1
и видят в	1
просто взвесить их	1
с наступлением осени	1
населения и прежде	1
исключением комедий аристофана	1
победителю в панкратии	1
к деревенским обрядам	1
к которому ведет	1
aнтигоны eврипидовской медеи	1
по склону холма	1
к компании клейменых	1
наделяет любого лидера	1
предполагать что аттическая	1
медленно фр наконец	1
вв в мегарах	1
духовной и материальной	1
последнее сокрушительное поражение	1
доверчивость народа разумеется	1
гражданина отрывая его	1
якобы произошла комедия	1
содержанию дошедших до	1
различных персонажей которые	1
и непритязательность повседневной	1
эксплуататорского общества власть	1
что могло вызвать	1
демоса афинский народ	1
суть общественно-политических противоречий	1
п литературоведы давно	1
масса демоса относилась	1
широкой массы трудящихся	1
слова с единой	1
комедия выступает с	1
от своих исконных	1
обеспеченности то теперь	1
сходство не только	1
другой персонаж от	1
анализируя эти же	1
этом они прибегают	1
заимствованные из комедий	1
фр классовые корни	1
видных политических деятелей?	1
внешней индивидуальности аристофан	1
еврипида о мифологическом	1
руководил солон и	1
века составляли два	1
близок в силу	1
афинских комедиографов того	1
комедия нам сейчас	1
личные нападки на	1
как и философия	1
тут и выявляется	1
ставит на ленеях	1
идеи направлены на	1
эсхила наконец в	1
раствор в мгновение	1
гигантской пародией на	1
всю серьезность стоящих	1
них перикл? в	1
составляет экономическое основание	1
большая рыбачья сеть	1
типу шута бомолоха	1
число отобранных произведении	1
этом отношении но	1
естественное природное влечение	1
из функций бомолоха	1
приходится идти на	1
вообще один из	1
каком контексте они	1
комедии культурой нового	1
инвективы с фантазией	1
хуже чем во	1
так как он	1
схолиаст к τέχνη	1
к стиху или	1
для тригея установление	1
такое глубочайшее проявление	1
аристофан попытался ее	1
времени когда такого	1
сих пор вызывают	1
войну когда же	1
фемистокла имеет свои	1
и отдельные сцены	1
описанная здесь в	1
наш поэт потерпел	1
замечать в комедиях	1
финикиянок несколько рождений	1
клеона έκοψ^δεέτο επί	1
и сам аристотель	1
участием соблазнительных девиц	1
представлений в афинах	1
одного или двух	1
в году не	1
сложившаяся композиционная схема	1
первенство в греции	1
плохого но беззаботного	1
конце xv начале	1
является конечно образ	1
силу придает смеху	1
собранные вместе эти	1
повозок входившие в	1
трусости раздаются по	1
пародия на еврипидовского	1
части и лирических	1
аристофана определенной тенденции	1
с окружающим миром	1
vii века хор	1
лет требование мира	1
занятых в сельском	1
к этим же	1
оценивая свой творческий	1
имело место уже	1
взглядами на искусство	1
основу конфликта в	1
отражают устойчивую тенденцию	1
мобилизации всех средств	1
трактатов wspi υξπ.ρξιώκ	1
политики и откликается	1
характеризует как человека	1
вовлечь его в	1
теперь глух и	1
прямого предшественника ибсена	1
даже делился на	1
как человека хотя	1
персонажей которые пытались	1
о проявлении известного	1
из облаков и	1
золотых статеров из	1
с блеском используют	1
д часто эти	1
характер лучше всего	1
сложилась при всех	1
происходила между участниками	1
возможности для развития	1
афинских деятелей прошлого	1
большой наглядностью выступают	1
не говорит ли	1
ходе пелопоннесской войны	1
негодование по поводу	1
и посрамления последних	1
последних произведениях аристофана	1
варьированиях перестановках повторениях	1
и ориентацией городских	1
несметное множество но	1
них теми же	1
vesp schol комедиях	1
эпических поэмах гомера	1
лицам дикеополю григею	1
ср фр ст	1
нищего хэрефонта фр	1
реального исторического лица	1
только под самый	1
до решающего поражения	1
с гордостью вспоминал	1
по домам вновь	1
комедии нет никаких	1
еврипида за пристрастие	1
характеристика высокопарного мудрствования	1
при всем различии	1
были праздником сельского	1
разврату мы найдем	1
приемов аристофана не	1
демократической государственности в	1
персидских войн они	1
нашу задачу не	1
рабовладельческой демократии в	1
фриниха выступавшего под	1
с фольклорным стихией	1
кругах населения открытая	1
чтобы избавиться от	1
кратин высмеивал одержимость	1
выступать комедия в	1
отобранных произведении комедии	1
софистами в греции	1
открывает рынок доступный	1
древности недаром говорили	1
народных импровизаций в	1
идет по другому	1
торжествующей в трагедии	1
обман народа грубая	1
выступления комиков против	1
сохранившаяся до наших	1
вступительную песнь народ	1
понятий и сведением	1
считать конец v	1
гипербола и занятия	1
их характера замкнутость	1
любого льстеца фрагменты	1
cgf vii ст	1
доме потомственного богача	1
в греции мир	1
войны аттическую так	1
об умершем во	1
при общем числе	1
о мере всех	1
подобное цель которая	1
обучавшего мусическому искусству	1
какую-то новую неожиданную	1
другой современник аристофана	1
к году удастся	1
черт афинской рабовладельческой	1
его влияние с	1
промыслом недостойным свободного	1
утверждении положительного идеала	1
полуострове подчинившая себе	1
культового благодетельного смеха	1
обозначает понятием древняя	1
которому аристофан неизменно	1
предки афинян несчастье	1
войны έρανος и	1
лица прославляя в	1
занять прочных позиций	1
строя установления дани	1
о принадлежности сусариона	1
флоту предоставлялось разорять	1
могли только вызвать	1
выразительными эпитетами κόβσλος	1
отсутствовали постоянные театры	1
комедии сразу же	1
предшествующую ему и	1
от хорошо оплачиваемого	1
виде фрагментов в	1
без иронии и	1
строчки легко понять	1
поставил сразу две	1
плутарха совсем не	1
список моих трудов	1
из комедий кратина	1
войн с мессенией	1
что уже в	1
счет других присвоение	1
поэт называет перикла	1
конечно стилистика древней	1
пожар войны и	1
возвышался примерно на	1
донат не могли	1
птицах какие-то дополнительные	1
независимо от того	1
в экклесиазусах эписодии	1
унифицировать отсылки к	1
дает ли это	1
перед зрителями на	1
мастерских для торговцев	1
появляются oтмеченные большей	1
картинами изобилия относящегося	1
же образ царя	1
демагогам и воинственным	1
элементов и создать	1
государством там же	1
в действительности как	1
другом случае сообщается	1
афиней iii в	1
поднимающейся демократии комедия	1
не тщись быть	1
вереницами однородных членов	1
объективные причины объясняет	1
боясь смелых гипербол	1
же комедиям аристофана	1
что придание комедии	1
пародирование трагедии здесь	1
фр в самый	1
алкмана не тщись	1
за последние два	1
трагедии один шаг	1
брань по адресу	1
на этом празднике	1
фантастических ситуации поэт	1
на содержании у	1
в комедии iv	1
поставленной на дионисиях	1
которая вполне разделялась	1
остракизм фр в	1
стр и цец	1
пелопоннесские дорийцы искони	1
государством и в	1
конкретными чертами которые	1
знатности которых мы	1
честных граждан разорившихся	1
обнаруживает что желанная	1
нанесла серьезный урон	1
verso ср fr	1
к внутреннему миру	1
а как поступить	1
но не единственные	1
богом образы рабов	1
современного читателя с	1
был утоплен по	1
сразу две комедии	1
строка этого обращения	1
на такое тонкое	1
использовались в новое	1
и денежной системой	1
и των δτ^ο-σίϋ)γ	1
рода отступники от	1
трагедия как софокловский	1
комедиях отделенных примерно	1
эсхилом ср знаменитое	1
тригея с гермесом	1
спаранцами открывает рынок	1
и сообщением схолиаста	1
можно судить как	1
его реальный мир	1
лукианову тимону в	1
богатых людей основная	1
человека такой способ	1
небо от земли	1
собиравшихся в театре	1
чтобы в этой	1
за помощью к	1
по-видимому могла держаться	1
социальными группировками прежде	1
текста у аристофана	1
первому десятилетию пелопоннесской	1
осязаемым проявлениям во	1
конечно представляется результатом	1
смеху аристофана любовь	1
которого он в	1
лжемудреца ответственного за	1
комедии он несомненно	1
возникла временная политическая	1
традиционной морали вторая	1
бессильной в результате	1
вернуться к семьям	1
деревянные сидеья для	1
в древности даже	1
в этот период	1
затронутому развращающим влиянием	1
мировоззренческих устоев афинской	1
фр овполида фр	1
со своим репертуаром	1
в силу этого	1
в сущности исчерпывала	1
совпадению только сохранившиеся	1
комедии сказочной дает	1
и его современники	1
праздничной обрядности элемент	1
высшей точки когда	1
как это указывает	1
до агона в	1
этом замечание схолиаста	1
разногласия все же	1
по поэзии феогнида	1
γαρ άζ γυναΐ.ας	1
царь эип стала	1
через кефис показательно	1
прославление производительных сил	1
оружием в борьбе	1
фесценнинами гораций epist	1
каких-то кощунственных богослужений	1
и осуществление самого	1
из отличительных черт	1
в этой же	1
льстивого кожевника обманывающего	1
одиннадцатиместной головы перикла	1
они называются одой	1
писал героя нашего	1
отрыве от земных	1
любую минуту может	1
аристофан оба раза	1
нахальством беспардонной лестью	1
разорившихся во время	1
в действии орхестру	1
достигается чрезвычайно наглядная	1
сложившихся в афинах	1
протагора и притом	1
vi вв до	1
и в ссылках	1
колонии фурии после	1
и мелкими землевладельцами	1
осмеяния и у	1
геракла по два	1
такую сатирическую типизацию	1
каким был афинский	1
и разграбление спартанцам	1
мильтиад который клянется	1
состояния и следовательно	1
наука вслед за	1
обидчиков средством осмеяния	1
четверти всего написанного	1
hoc est de	1
правда в следующем	1
обычно не выражал	1
комиков позволит сделать	1
что простой народ	1
испытывая такие бедствия	1
в котором первый	1
выехать или повернуться	1
из них выдвигает	1
макрель и разная	1
чувства комического а	1
комедии выступал большей	1
или вовсе вырубленные	1
открытости внешним влияниям	1
поле бранном панцирь	1
указать своих фраторов	1
кратин отражал в	1
кисельных берегах а	1
афинах после сицилийской	1
подкрепить примерами правоту	1
своих убеждений и	1
понятно современному читателю	1
недаром среди делегации	1
разрушили и отобрали	1
объективности оценить качество	1
отношении праздники кончались	1
возможность сытно поесть	1
намекается что он	1
духоты а с	1
лесть которыми прикрывается	1
и лампон предсказаний	1
что инициатором этой	1
родных мест они	1
условиям возникновения и	1
комедии аристофана здесь	1
содержится намек на	1
в обсуждении вопросов	1
составившими зародыш комедии	1
антидемократическая агитация с	1
зрителей собиравшихся в	1
и в явно	1
такой финал и	1
демократии thuc viii	1
годы его наибольшего	1
пафлагонии ассоциировалось у	1
после сицилийской катастрофы	1
который без понукания	1
основную массу аттического	1
даровано ему природой	1
поэтому лишен смысла	1
вечера чтобы кoe-как	1
по стилистическим признакам	1
υίος φιλίνου μεγαροο-εν	1
comoedia и доната	1
античной цивилизации и	1
практика самого древнегреческого	1
должны были обозначать	1
наивысшего потрясения или	1
осуществленного им плана	1
афинская демократия чувствовала	1
не затронуты два	1
земледельцев навсегда отворачиваясь	1
возникла из импровизаций	1
односторонних формул и	1
это достаточно обширная	1
но беспомощно слабой	1
чистую монету все	1
вскоре после этого	1
в особенности потому	1
вновь становились редкими	1
в его комедиях	1
т м том	1
сохранилось это обстоятельство	1
жатве спутнице безоблачных	1
от друга во	1
раньше него то	1
caoeii поэтической деятельности	1
кандидат находится в	1
на душе нашего	1
на сцену великих	1
трагического поэт спускается	1
кимона престарелого драматурга	1
не принесла может	1
гражданской нравственности власть	1
известного богача каллия	1
к нему даже	1
хор разбивался на	1
в в афин	1
должны были изменить	1
упорядоченность о которых	1
по которым игравшие	1
и землей и	1
земельных участков поставлявшие	1
заполнял хор исполнявший	1
ламповом ряду фр	1
совсем иную сферу	1
люди знатные во-вторых	1
ленеях аттический земледелец	1
администрацией со своим	1
свой образ жизни	1
поэта воспитанного своим	1
в годы когда	1
в последних его	1
о гробнице фемистокла	1
городах поднимается вопрос	1
же годам относится	1
или отдается приказаний	1
богинь афродите и	1
сил красавца каким	1
и крошечным полевым	1
этой силы делало	1
не рабского происхождения	1
были становиться ее	1
платона плутарх нашел	1
не пускают однако	1
вопросов л или	1
наиболее активными сторонниками	1
в дураках отсюда	1
он не мог	1
саков то мисийцем	1
и гг или	1
его обучение а	1
общественную перспективу в	1
и не все	1
гесихий и фотий	1
восстановлена и продержалась	1
общественного сознания как	1
войну и вернуться	1
из еврипида высмеиваемых	1
столкновением воюющих сторон	1
украшение города пышные	1
с х годов	1
кого бы ни	1
же как и	1
авторов по изд	1
деятеля конца v	1
отсылка до н	1
к хитроумным сплетениям	1
эсхила переходя от	1
роли шута-простака и	1
демократического переворота см	1
внесенный софистами в	1
сусарионе весьма ограничены	1
их приобретения? таким	1
для представленных ему	1
празднике наконец из	1
черпать свои сведения	1
исторической достоверности их	1
даже для решения	1
полководец брасид в	1
взносы союзников как	1
мильтиаде который оставил	1
тригея ибо его	1
действующих лиц diog	1
определенностью указывает на	1
благодетельного смеха самих	1
тратились огромные деньги	1
целом taкой же	1
известна проявленная им	1
написанных до начала	1
столкновения творческой индивидуальности	1
сообщая в поэтике	1
содержании которой можно	1
гипербола клеофонта и	1
другом причем здесь	1
не исключено также	1
сознательным усвоенном опыта	1
садам и крошечным	1
с достаточной долей	1
свидетельств содержащихся в	1
месте с комедией	1
его до высшей	1
группировка так называемых	1
фантастические средства к	1
подкрепляются внутренней рифмой	1
для характеристики всякого	1
или островах платона	1
высшей степени показательно	1
наиболее известных современных	1
всяком случае об	1
спор о том	1
не выражал ни	1
в опере например	1
и афинской демократии	1
осени от ночных	1
бесчестных демагогов является	1
притесняет знатных? ведь	1
сопоставляя показания фукидида	1
кимона за его	1
впрочем в комическом	1
аристофана они почти	1
система государственного управления	1
зачисления в афинское	1
это мог бы	1
общественная проблема по-прежнему	1
свободным гражданам и	1
только оставалась недоступной	1
как по довольно	1
в чужеземном происхождении	1
мосту через кефис	1
другие едва ли	1
однородных членов не	1
такого простора для	1
к аристофанову миру	1
своих комедиях сoвершенно	1
условиях комического театра	1
образе раба ксанфия	1
явления из духовной	1
типу заметнее всего	1
олигархических убеждениях афинских	1
в комедии немесида	1
и завоевал дна	1
персонажей комедии берет	1
но прибегают к	1
только аристофану в	1
свыше четверти века	1
ли основательные и	1
на две партии	1
божеством предстает омоложенный	1
направленности отступила от	1
не делает разницы	1
ф особый случай	1
о совершенно конкретной	1
антагонисту отрицательному герою	1
непременной частью всенародных	1
комедией не только	1
в его употреблении	1
и антодой] принадлежавшими	1
явная заинтересованность в	1
с традиционализмом индивидуального	1
свое хозяйство составляет	1
древней комедии свидетельствуют	1
объектом нападок поэта	1
актеров насчитывалось на	1
фр лакедемоняне стены	1
в нашу задачу	1
основание упрекать евполида	1
образом аристофана мы	1
подобно современной болтливой	1
и всяким послам	1
ликующего хора покидал	1
полагают что под	1
гг или может	1
и не только	1
сатирическое изображение художественных	1
внутреннее положение государства	1
устоев афинской рабовладельческой	1
содержания ведь еще	1
мифов как олимпийские	1
бросается в глаза	1
же сопоставляя показания	1
исполняемые хором в	1
что красноречие великая	1
в руки демократии	1
перикл к ораторскому	1
чем видимо и	1
образом рассмотрение политической	1
в сентябре г	1
этапами в истории	1
даже не требовал	1
убедительно высмеивается перикл	1
the roman theatre	1
к изданию список	1
а хочет вспомнить	1
же в его	1
распространенные мотивы народных	1
сократом? во-первых тем	1
философов главным образом	1
отступления эписодии нередко	1
это в образе	1
здесь в асиндетоне	1
лягушки и особенно	1
марикант прямо направленную	1
и находит объяснение	1
склонна была видеть	1
поэтическом состязании и	1
вариантов мифа подложил	1
комедии являются ее	1
невпопад прибавим гермеса-взяточника	1
желанная для всех	1
не портрет исторического	1
tabulai hoc est	1
пародией на такой	1
просо сеяли сеяли	1
в истмийских мегарах	1
при амфиполе где	1
но и получаем	1
или осуществленного им	1
еврипид в конце	1
потакании паразитическим настроениям	1
взаимоотношении афин с	1
который оказывается самим	1
нелестную характеристику аспасии	1
допускают в этой	1
носила видимо политический	1
этот источник за	1
напоминавшим о бурном	1
случайностью а отражают	1
на службу к	1
словo и дионис	1
относилась к нему	1
аттике происходит ожесточенная	1
закономерным следствием общественных	1
лягушках так как	1
э дается только	1
и все это	1
всего как это	1
вовсе одна семнадцатая	1
неправедно разбогатевших казнокрадов	1
и гермеса-попрошайку из	1
сельского довольства и	1
и ферекрат schol	1
богатой торгово-ремесленной рабовладельческой	1
на твердом оселке	1
дионисий в г	1
вслед за ними	1
шантажировал ни в	1
верно кратин отражал	1
хотел сказать и	1
вражеской армией от	1
их изобретением ссылаясь	1
в афинах великие	1
грамматиков долгое время	1
понять на кого	1
консервативных мировоззренческих устоев	1
быть песни исполняемые	1
жанром и по	1
учился риторике у	1
удалось поссорить ситалка	1
но показательно что	1
дает основание видеть	1
fr об их	1
недоверие и попытки	1
как πλούτοι кратина	1
переписан в одном	1
демократии во-вторых поскольку	1
народном собрании или	1
собрал отрывки описаний	1
в известном месте	1
дионисалександр кратина поставленный	1
гермиппа фр и	1
о комедиях мифологических	1
а двадцать шесть	1
античности еврипида была	1
и новых средств	1
следит за всей	1
на орхестре актера	1
негодованием отвергаются дешевые	1
эта борьба и	1
и несоединимые понятия	1
ней обычно присутствовала	1
как единственного и	1
расхититель государственной казны	1
прочим еще и	1
плана поданных в	1
вероятно посрамлял последнего	1
ли аристофан положительного	1
найти меру каждого	1
таких выпадов против	1
его идеи направлены	1
публику зубоскальством но	1
под видом зевса	1
взятого стиха то	1
с аналогичным явлением	1
можно рассматривать и	1
о первой из	1
однако в действительности	1
шута-простака и использующий	1
нас полностью и	1
poet iii и	1
и гипербол платона	1
правительством и общими	1
культуры форма древней	1
ненависть к власть	1
с этим и	1
и его комедии	1
демагога встречаем у	1
еврипида к внутреннему	1
к речистым лидерам	1
а паламед андромеда	1
выкатиться т е	1
не затронутому развращающим	1
δώρα в рамках	1
на великих панафинеях	1
матросы гребцы городская	1
особенно яростные к	1
них выдвигает какую-то	1
аталанты три или	1
поесть а лопотанье	1
сил принимающих участие	1
комическими сценками например	1
время как геракла	1
цитированных фрагментах и	1
выставляли все более	1
сутяжничеством фр нападки	1
подходит слово прием	1
перешла к индивидуальным	1
пьесы до парабасы	1
названий можно насчитать	1
может быть объяснена	1
зависимость от хозяина	1
хора говорил сам	1
основной общественный конфликт	1
и тому же	1
ad av характерно	1
адресу послушного хиоса	1
триаду великих комедиографов	1
знатных? ведь несомненно	1
успехе комедии лягушки	1
демоса продолжала проводить	1
десь он становится	1
демократии древняя аттическая	1
также костюмы вменялись	1
в собирательный образ	1
с младенцем персеем	1
что они одаряют	1
также разуметь зловещую	1
зрителя к этой	1
над изголодавшимся богом	1
зрелищными формами поступившими	1
государственной организации они	1
временам легендарной жизни	1
привхождений с участием	1
печаль по поводу	1
одном из трактатов	1
победителя радости афродиты	1
управдомов или по	1
активные военные действия	1
других поэтов отметим	1
выделением богатой торгово-ремесленной	1
второго места в	1
и в богатстве	1
из других государств	1
к вооруженным конфликтам	1
индивидуальности аристофан снова	1
никакой оценки этот	1
введение новых богов	1
одинаковой решительностью как	1
всего жанра древней	1
несколькими драматургами и	1
в расхищении государственных	1
элегика меланфия которого	1
пародии в первой	1
радикальные элементы демоса	1
блюдо к которому	1
посвящены такие комедии	1
в доме потомственного	1
трактирщицы сл в	1
в конце xv	1
отправленных зевсом в	1
в эпических поэмах	1
торгующие трактирщицы сл	1
ахей меланфий и	1
омоложенный демос в	1
власть в свои	1
и укрепить свою	1
поэтам запрещались личные	1
уважаемый современниками софокл	1
фрагмент евполида против	1
tеперь оставалось только	1
исторических условиях сложившихся	1
минуту может ждать	1
допускать эту публику	1
второй половине vi	1
комедии исполнители которой	1
европейской культуры форма	1
собственника для владельцев	1
женщинам зерна ваз	1
персональные нападки на	1
нее в союзе	1
византийских грамматиков настойчиво	1
еврипида как и	1
и заработал на	1
публики в том	1
каждой комедии ясно	1
мир порождением одной	1
демократические принципы или	1
в живых кимона	1
реакционной родовой аристократией	1
вспомоществования отрезанные вражеской	1
первые люди по	1
чтобы я даже	1
ассоциаций так дикеополь	1
человеческого мышления относительность	1
содержались в заброшенных	1
которые он заимствует	1
как и новая	1
и каждый из	1
охлоса и т	1
фантастической страны изобилия	1
фантастические планы прекращения	1
iv или paus	1
театральным делом будет	1
тысяч голосов при	1
с критикой еврипида	1
успех третье провал	1
дионисалександре кратина и	1
отношению к людям	1
произведен отбор для	1
и опустошение сельских	1
самим аристофаном таково	1
психологической характеристики мало	1
быть получается начальники	1
остались бы на	1
thuc viii и	1
свидетельствах речь идет	1
поставлена в самом	1
с ними? одни	1
гамаке подвешенном выcoкo	1
вопрос о caмой	1
афинского театра не	1
свыше трагедий еврипида	1
деньги quintil iii	1
перикла вторично в	1
а всего в	1
степень его близости	1
перед ними задач	1
в постоянной борьбе	1
темой пьесы являлось	1
ее основных принципов	1
восходил к уже	1
дележе доходов другой	1
в афинах театральным	1
komodie dusseldorf-zurich segal	1
известного в тогдашних	1
возникновение комедии схолиаст	1
героев пытавшихся перейти	1
важно наряду с	1
двух крупнейших авторов	1
на книгу также	1
и заложен комический	1
становится ясно что	1
свое влияние в	1
под своим именем	1
демократии возглавлявшего афинскую	1
бога диониса предводителя	1
тесея финикиянок несколько	1
рядом исследователей было	1
обильный материал первые	1
антиплутократические тенденции аттического	1
нападки комиков признать	1
комедий хионида магнета	1
фр и платон	1
поселян и незначительной	1
сам автор делясь	1
перебранку которая происходила	1
характеристику социального типа	1
картины блаженной жизни	1
творческий путь аристофана	1
отрицательному герою здесь	1
осах в птицах	1
к более привычной	1
по адресу аргосцев	1
самых верных исходных	1
mittlere komodie см	1
была поставлена в	1
периклом нападкам со	1
забирает с собой	1
главное обвинение бросаемое	1
роли беспощадно-жесткого прокрустова	1
по времени с	1
в большом ходу	1
соприкоснувшимся с софистическим	1
эпикрата проходит противопоставление	1
аристократии ее поведению	1
ахарнянах"в эпизоде с	1
пророчества были в	1
от притесняющего их	1
скоро разговор зашел	1
обвиняется в вымогательстве	1
позволит сделать некоторые	1
стратегию как трусливую	1
за столом схолий	1
в пожар войны	1
в самый разгар	1
только при возможности	1
эта неприязнь тоже	1
давала ему природа	1
от поселян и	1
горшка όπου езо>	1
как мы видели	1
былые времена никто	1
земледельцев богачейи бедняков	1
принадлежит к сфере	1
называет разных послов	1
на афинян войну	1
как трусливую реnсl	1
в наибольшей степени	1
четырехкратным в птицах	1
в дни всенародных	1
понимании слова дают	1
евполид характеризует как	1
пелопоннесской войне афинский	1
стяжателей фрагмент из	1
каллия фр и	1
и представлялась угрозой	1
полусотни поэтов различного	1
в кости а	1
направлена одноименная комедия	1
предпочтение общественному перед	1
или театр петрушки	1
достоверности самым подробным	1
совершенно разнородных элемента	1
средств используемых комедией	1
не доверил следить	1
когда же дело	1
сикофанта iii recto	1
один афинский земледелец	1
он может быть	1
прославляя в нем	1
друга во времени	1
словом это человек	1
в собственных границах	1
комической сцены и	1
одна десятая часть	1
рамках религиозного празднества	1
выпадов других поэтов	1
еще и тем	1
из преданий о	1
так называемая архидамова	1
пьес справедливость нового	1
политики афин в	1
от имени обитателей	1
в области фольклорных	1
в афинскую коалицию	1
открывается πλούτοι кратина	1
для защиты и	1
фрагменте кто-то из	1
имущим свойственно откупаться	1
то в этот	1
черт древнеаттической комедии	1
сознании человека нового	1
там демократического переворота	1
затруднений появляются на	1
изменить свой образ	1
числа των άπραγρ.όνων	1
άπηλλα^μένον у эвполида	1
несколько походов в	1
этой точки зрения	1
другом фр снова	1
них почти исчезают	1
афродитой пел во	1
вытопчем поскольку в	1
отделяющие наше время	1
бычьей кожи с	1
по годам рано	1
этой цели служил	1
ничего не знаем	1
решения самых важных	1
которые подсказывали ему	1
в лице базарного	1
искусным ораторам и	1
с софистическим образованием	1
плутарха и относящихся	1
нe делая различия	1
резко менявшаяся несколько	1
ясно во всяком	1
афинской демократии в	1
окончательного ответа на	1
временем стали орудием	1
ибо его полет	1
половины каждая со	1
мойры поставленной на	1
это о том	1
годы после заключения	1
тираном игл i	1
в результате перенесенной	1
выявились острые противоречия	1
на море либо	1
всех свойств натуры	1
понятие ρχτωρ т	1
видно к тому	1
комедиях аристофана определенной	1
и праздникам это	1
даже если оно	1
вызывает сомнение о	1
съезжались послы из	1
рабовладельческой государственности отсюда	1
к довоенному периоду	1
и сикофантов наживающихся	1
транскрипции но в	1
сторон во фракии	1
сюжетов аристофановских комедий	1
исходивших от лакедемона	1
приписывают следующие слова	1
дело будущего пока	1
γεφυρισμοί мостовую перебранку	1
комедия νόμοι к	1
ко всей массе	1
народного собрания заключает	1
древнего комедийного театра	1
героем призванным избавить	1
казалось бы в	1
и одинаково доказательно	1
столетий спорят о	1
древних обитателей аттики	1
именем опасаясь что	1
ориентироваться комические авторы	1
городская беднота зачастую	1
экономическое основание общества	1
как в комедиях	1
папирусные тексты менандра	1
одержимость клеона έκοψ^δεέτο	1
и имел ли	1
нуждается в более	1
к apхаической литературной	1
и повторенной по	1
однако в чем	1
влияниям всегдашней готовности	1
богу дионису первые	1
памятников языческой культуры	1
последний отрывок представляет	1
отдельных выпадов других	1
соединяются и несоединимые	1
думается что приурочение	1
отражал в данном	1
сына от аспасии	1
ибсена другие напротив	1
и использующий весь	1
г ее остатки	1
аттической комедии дает	1
опять число примеров	1
рифмой или другими	1
песнях объектом насмешки	1
две партии причем	1
выкатываемое изображавшая внутренность	1
них преследовал другого	1
которую он считал	1
партии причем каждая	1
наше время от	1
становится свидетелем страшного	1
политики афин по	1
и в комедиях	1
три инфинитивных окончания	1
чувствовала себя достаточно	1
γυναΐ.ας προς aw-xa	1
что и сам	1
периоду могут быть	1
однажды нарушенное чьей-либо	1
спою отвлеченность подвижность	1
доходило до самой	1
чего следует что	1
аристофана на те	1
состоит в том	1
﻿ предисловие настоящий	1
адресу демагога памфила	1
н э однако	1
среди собравшихся со	1
мотивы воспоминания о	1
лишен смысла длящийся	1
достаточным для убедительным	1
огромное смятение полагают	1
вразрез с социальными	1
своего сына от	1
комического театра женщины	1
в порядке творческого	1
отдельных писателей и	1
враждебной афинской демократии	1
г осмеянию еврипида	1
найдем протеста против	1
с единой территорией	1
только очень отдаленно	1
земных конфликтов а	1
она вскоре и	1
гораздо хуже чем	1
у аристофана пролог	1
наложницы причем аспасия	1
происхождение комедии с	1
самого и на	1
явления неизбежно связанные	1
заключению что после	1
в зобу камни	1
в хоровой лирике	1
совершенно явная заинтересованность	1
прошло и полувека	1
э однако этот	1
для насмешки по	1
афины из кирены	1
в комедии σερίφιοι	1
один за другим	1
целей аристофана и	1
по своему усмотрению	1
такого рода принадлежит	1
оспаривать первоначальную связь	1
выпадами против отдельных	1
гипербола из списков	1
народа ттауоируо мошенник	1
тот же телеф	1
свиды форр-ьит не	1
ее от начала	1
из трех посланцев	1
восковым слепком с	1
периода именно πλούτο·	1
начала до конца	1
относительно безобидные нападки	1
готовых видеть в	1
бороду и фрагмент	1
крестьянства не следует	1
в виде бога	1
в дальнейшем течении	1
мотивам трех великих	1
нападки аристофана на	1
εύνεΐδαι о которой	1
кашей великолепен карион	1
его аудитория на	1
роллан и вероятно	1
разговоре с гермесом	1
абсолютизации даже самых	1
спарта лакедемон на	1
по которым аристофан	1
сокpaтa и еврипида	1
это согласуется и	1
этой чисто внешней	1
другой стороны гипербол	1
выходят за все	1
угрожающим движением броней	1
гражданской нравственности и	1
мира платон назвал	1
заклинает мильтиада и	1
любого лидера радикальной	1
с тяжелым чувством	1
находящей обоснование в	1
периклу кратиновский образ	1
в писандре aristoph	1
эсхила и даже	1
обитателей аттики и	1
политической жизни страны	1
выход хор традиционный	1
отдельных сценок эписодиса	1
к философам и	1
vi в пока	1
видимо и по	1
его хозяин которому	1
в разговоре с	1
становится по-прежнему честный	1
могущества была направлена	1
нет собственно никаких	1
слишком много воли	1
кратина на перикла	1
первое место верный	1
фриниха фр овполида	1
поводу того что	1
частью общие поэтому	1
стратегам лидерам радикальной	1
пример индивидуализации в	1
владыкам вселенной птицы	1
г продержалось недолго	1
аристофановский сюжет исходит	1
для этого случая	1
сиракусия о нем	1
назойливость в дело	1
всего аристофан за	1
дается только при	1
этим большинством являлись	1
половину пьесы занимала	1
афин на смелые	1
вероятно что эту	1
организма не раз	1
периклом носила видимо	1
же так страшно	1
и были поэтому	1
ее отображение на	1
задаются один за	1
надувать людей так	1
обе они восходят	1
обзывают египтянином нападает	1
отличаются образы тех	1
различие во всем	1
грозивший ему остракизм	1
городские укрепления и	1
годам относится комедия	1
добрых старых нравов	1
обезопасить свои поместья	1
войны которую он	1
широких кругов афинян	1
вторая половина лягушек	1
может похвалиться ничем	1
комедии сохранилось целиком	1
которым заканчивается изложение	1
диких племен обитателей	1
именно здесь в	1
образ кожевника за	1
до нас не	1
сказочным содержанием в	1
древней комедии с	1
занимала очень существенное	1
об их кумире	1
диалектике и искусству	1
всадниках кожевник и	1
совершенно очевидно что	1
л ритуальные призывы	1
последних в противоположность	1
античного общественного и	1
благовония прекрасный крит	1
третье провал спектакль	1
торговая верхушка пользуясь	1
клеона кербером в	1
только что в	1
событий в сохранившихся	1
прямой путь к	1
трактатах περί κωμωδίας	1
неафинского происхождения которых	1
его-смерть от рук	1
если доказательства этого	1
полисе не превышало	1
как софокловский царь	1
гимном по его	1
всего этого можно	1
рано утром сравним	1
нумерации на папирусные	1
сельскому населению аттики	1
ст ахарнян мы	1
сочувствия к его	1
четко определяется их	1
драматург создавал не	1
же ничего не	1
народ в годы	1
фр как теперь	1
присоединения к афинянам	1
в культурной жизни	1
русские издания авторов	1
к современному пониманию	1
еще при жизни	1
стихосложение рифмы не	1
литературу и в	1
а собрал отрывки	1
неповторимость чем же	1
гимназическим учителем-словесником как-то	1
позже до нас	1
роли прибаутки колотушки	1
скеной по реконструкции	1
одновременно с облаками	1
комедии аттическое крестьянство	1
афинский народ в	1
по сельскому населению	1
и одно лишь	1
нападкам со стороны	1
дна первых места	1
фр снова высмеивается	1
дионису первые два	1
нашего поэта исследователи	1
период существования комедии	1
поэтической деятельности написал	1
июня г а	1
пердикки ii македонского	1
в сюжетную экспозицию	1
телеклида пританы и	1
упоминаются всегда и	1
о мильтиаде который	1
социальными интересами крестьянства	1
наемников из пафлагонии	1
и к тому	1
вытоптанная поступью войны	1
в прологе например	1
облаках разоблачается введение	1
к ликофрону глоссы	1
нем сообщает схолий	1
лермонтов когда писал	1
случаев трудно установить	1
аристофановские облака и	1
верховного владыки богов	1
iii в н	1
всем домом свидетельствует	1
случаем выразить свою	1
идей и новых	1
для создания феерического	1
следовательно и в	1
основании которого рядом	1
нажившиеся за счет	1
завязывается основной драматический	1
на юге на	1
никакая классификация стилистических	1
расцвет древней аттической	1
кратина поставленных вскоре	1
что в афинах	1
уже известных нам	1
торгово-ремесленной рабовладельческой верхушки	1
ты это море	1
о внешней и	1
договора между афинами	1
облекшем обличительные крестьянские	1
лет спустя после	1
недобросовестных ораторов употреблявших	1
уходом герой в	1
которого евполид называет	1
марикант которым наделил	1
еврипид возможно что	1
в годы славных	1
комедии происходило видимо	1
из персонажей комедии	1
духов не знающих	1
безрезультатно завершилось это	1
спускались к хору	1
место могли занимать	1
говорил сам автор	1
форма древней аттической	1
меньшим числом членов	1
земледельцев γεοφγων εορη^α	1
его восприятие которое	1
аристофан положительного героя	1
одним сложным словом	1
столько раз огорчался	1
тем он претендует	1
из комедии гермиппа	1
комедии однако трагический	1
и опять парадоксальный	1
старинные скоморошьи действа	1
к дионисию фракийскому	1
составная часть в	1
неизвестной комедии приводимой	1
воплощается в облаках	1
был первым из	1
еду а в	1
разных послов живущих	1
iv a что	1
сокрушительное поражение уцелевшие	1
как геракла больше	1
настроениям охлоса и	1
поток и разграбление	1
всего за несколько	1
гермиппа φορμ.οφόροι несущие	1
аристотель poet.i v	1
уж сочетаний с	1
у одного афинского	1
трагедия скажем вполне	1
г основатель колонии	1
они с вершины	1
вспомнить сколько раз	1
крупных ремесленных мастерских	1
тем не менее	1
отношении две комедии	1
в облаках средствами	1
как и автору	1
в комедиях других	1
задававшая тон в	1
на заданный мальчику	1
из элевсина и	1
других представителях аристократии	1
в государстве это	1
все тяготы войны	1
комиков против перикла	1
народ взял себе	1
явно оказываются бедняками	1
тех аристофановских героев	1
находит объяснение в	1
афинян прошлого которые	1
раза подумает стоит	1
эгинские лепешки осыпавшись	1
о месте в	1
мегарах по-видимому могла	1
aufl munchen etc	1
и антистрофа в	1
вывод инвективные песни	1
строю хотя и	1
приходят сак и	1
над собой в	1
не вспомнить что	1
и поисках истинного	1
рода относится к	1
с трудом залечивают	1
не к высоким	1
самый сильный удар	1
главным источником этих	1
непосредственного условия аристофановской	1
г можно сделать	1
оптовые торговцы выдвигавшие	1
к доаристотелевским временам	1
метил непосредственно в	1
a насколько был	1
здесь первая часть	1
отделенных примерно двадцатью	1
греции но это	1
небом и землей	1
не прекращаются в	1
чрезвычайной комиссии созданной	1
комедии появляется некий	1
первую очередь строки	1
ранние комедии этим	1
единогласно высмеивают как	1
скоро афинская демократия	1
условия вы-то всегда	1
губительные для государства	1
давно скончавшимся эсхилом	1
и даже до	1
народного фарса эти	1
подвергаются естественно люди	1
лиц стратегов булевтов	1
традиционный участник древнегреческой	1
могут устареть и	1
на колесах эккиклема	1
демагогии и о	1
облике двух государств	1
на землю из	1
известных современных ей	1
представление целый ряд	1
политику в гг	1
и отличие от	1
большей или меньшей	1
победного конца этот	1
с обязательным участием	1
является ее язык	1
и tpигей водворяют	1
утверждается достаточно представить	1
и из хиронов	1
возникновении мира из	1
папирус обрывается на	1
дионис и поисках	1
комедии не представляется	1
в нем участников	1
проявлении известного сочувствия	1
указания на то	1
или новогреческий теневой	1
ранних комедий аристофана	1
до того устроились	1
еврипидовского же беллерофонта	1
после смерти аристофана	1
как на негодяя	1
кратковременного господства олигархии	1
двух слов но	1
пророчества в м	1
зарождение и осуществление	1
исследования социальных истоков	1
общества власть имущим	1
работ можно на	1
не только иллюзорность	1
или в передаче	1
у кратина гермиппа	1
негодяй кляузник и	1
людей ведущих праздную	1
зевсом в птичье	1
неверным не замечать	1
известного в афинах	1
землю эсхила лягушки	1
ахарнян мы знаем	1
некоего морихида согласно	1
этом фоне выделялись	1
государства континентальной греции	1
фрагментам так главным	1
изменника если попутно	1
мудрецов е а	1
богов фр ср	1
значительной степени затрудняет	1
на канаты отваливают	1
красноречивое высказывание из	1
чтобы воспрянул и	1
зрителями взглядами на	1
и подражание щебету	1
в себе хоровую	1
образованным людям всей	1
древнего поэта не	1
еще двух крупнейших	1
из συγγραφείς члена	1
фракийского который считает	1
объединившимися в стремлении	1
aristophanes oxford/new york	1
μανία и его	1
за сорок лет	1
для союзников в	1
противопоставление честных граждан	1
соперниками на следующий	1
блаженной жизни тех	1
хороший пример для	1
от потребностей сюжета	1
град афины по-видимому	1
и целые страны	1
этику объективно был	1
тезис о мере	1
из отдельных выпадов	1
это было выражено	1
а еда растет	1
обеспечивающим несмотря на	1
мере не достигает	1
принадлежащих всему народу	1
сравним первые сцены	1
аттического населения почти	1
комедии на перикла	1
они наносят воспитанию	1
евполид в демах	1
для пародии аристофана	1
определяет ценность ее	1
крестьянства в годы	1
войны всадники аристофана	1
называет перикла тираном	1
отец ритора андокида	1
адресу руководителей демократии	1
произведений аттических комиков	1
удовлетворение по случаю	1
свое мнение о	1
войны и можно	1
других афинских комедиографов	1
фемистокл и мильтиад	1
некоторых дошли более	1
птиц там же	1
по тем же	1
начальники мошенники разъезжающие	1
прославлением плотских удовольствий	1
византийских грамматиков долгое	1
метробий выражает свою	1
селян можно судить	1
для государства фр	1
нем изменника если	1
в афинах переходит	1
поэт был человеком	1
мы видем творческому	1
производит комическое впечатление	1
цели могут быть	1
успешного ведения с	1
говорили что музы	1
к которой разыгрывается	1
обе сцены дикеополя	1
а учредить некую	1
мир положил конец	1
золотого века были	1
чтобы потом претерпеть	1
стена отгораживает небо	1
служит пнигос удушье	1
социальные признаки типичные	1
творчества экклесиазусы женщины	1
имеющему право наслаждаться	1
можем рассматривать как	1
в г у	1
своей стороны зелинский	1
пегаса тригею и	1
который применяется по	1
философы п литературоведы	1
земли по свидетельству	1
жанра во-первых ярко	1
в комедии от	1
комедии как одного	1
в пароде и	1
iii a насколько	1
из нескольких сотен	1
фигурой совершенно безобидной	1
позиции аттических средних	1
театра изобразительного искусства	1
diog laert ii	1
разоблачается введение новых	1
и персов правда	1
их авторы и	1
и подозрением и	1
видеть прогрессивности драматургии	1
какой-нибудь из аттид	1
неприкрытом разврате eupol	1
противоречива и социальная	1
комедиях мм находим	1
если оно в	1
оценить качество стихов	1
окончанию по-видимому пять	1
молодежь из богатых	1
радикальных слоев рабовладельческой	1
неувязок и противоречий	1
кратет был первым	1
результате происшедшего там	1
суммой индивидуальных психологических	1
трактаты поздних латинских	1
века были целиком	1
страшного спора происходящего	1
удовольствий доступных человеку	1
эффективны были эти	1
можно теперь судить	1
для аристофана как	1
нравственности власть забрали	1
оказывается в частности	1
и сократа аристофан	1
как одного из	1
v начала iv	1
военные годы конечно	1
только писфетер но	1
обогащая ее теми	1
главного персонажа в	1
эти высказывания в	1
и демагогам и	1
и удостоился второго	1
обозначающих сотни например	1
всадниках агон выходит	1
лирику и протокольные	1
а происхождение нового	1
что основной материал	1
в симонида фриниха	1
вкратце остановиться на	1
овощей продавщицы чесноком	1
литературы театра изобразительного	1
о претензиях дорийцев	1
элемент земледельческой религии	1
театра дионис и	1
весьма нелестно характеризовал	1
государственную казну ипритом	1
и возрождения афинского	1
кожевника и сократа	1
из которой он	1
фр ср pherecr	1
и художественных вкусов	1
софистический и демагогический	1
не мог бы	1
лидера радикальной демократии	1
обвинение бросаемое периклу	1
следующего указания на	1
ввозимые со всего	1
противоречива как противоречива	1
сельским образом жизни	1
троекратным и т	1
о том где	1
жили раньше говорит	1
не пользовались но	1
сицилийской экспедиции фр	1
из аркадии наемников	1
следует отнести и	1
группы совпадающие по	1
блудливая и трусливая	1
если даже в	1
кратиновский образ царя	1
которой предстает перед	1
самых замечательных черт	1
сцене где он	1
наглого и льстивого	1
закона отдать назад	1
те же мотивы	1
для богов ливия	1
другой утверждает что	1
латинская транскрипция ссылки	1
дней да и	1
изобретением земледельцев γεοφγων	1
драматургии стилистические особенности	1
не соответствовало демократическому	1
л и к	1
он право на	1
комедии к чужеземцам	1
еврипиде прямого предшественника	1
лицом спартанских гармостов	1
пользовались но этой	1
называет комедию изобретением	1
и хотя афины	1
весьма своеобразных композиционных	1
но и не	1
об успехе комедии	1
еще в г	1
гермипп весьма нелестно	1
кратина дикие кратета	1
перебиваясь с семьей	1
давно сформулированной в	1
v в составляли	1
науке убеждения риторик	1
говорить в менталитете	1
периода его творчества	1
еще лет оспаривать	1
на пире пьяном	1
глубину психологической характеристики	1
тематика и определенная	1
занимается сутяжничеством фр	1
овполида фр платона	1
вменялись на правах	1
на него либо	1
жанра кроме обычных	1
и комедии однако	1
нет никаких оснований	1
в руслане и	1
том что на	1
время обосновать наконец	1
самых отвлеченных понятий	1
мирно справляет сельский	1
делится на параграфы	1
достаточно представить себе	1
прямое обращение хора	1
герое беллерофонте теперь	1
еврипида и эстетической	1
опущениях и т	1
заканчивается изложение содержания	1
наиболее показательны в	1
асиндетон вообще один	1
мог изображать и	1
используя выражения солона	1
совсем не связанное	1
спор в котором	1
аристофан снова прикрепляет	1
образованных молодых щеголей	1
образованным прекрасно знал	1
наконец едва ли	1
относящемуся к лету	1
столом схолий стесихора	1
ему принадлежала в	1
и дидро герцен	1
schol ad aristoph	1
близости к действительности	1
стратега аристарха злейшего	1
все остальные в	1
среди граждан полиса	1
аристофана не в	1
по адресу богатых	1
ти и глубиной	1
центральную достаточно широкую	1
возникли ата των	1
принципиально положительное отношение	1
в принципе вполне	1
настойчиво связывают комедию	1
аристофана и беспощадную	1
спартанцы заняли примерно	1
имени отделяется точкой	1
политическим деятелям олигархического	1
и отвергает все	1
в самом циничном	1
сохранившихся комедиях аристофана	1
заключает для себя	1
свою печаль по	1
балаганного характера о	1
картину дано было	1
можно придти к	1
остается предположить что	1
плутократическая верхушка афин	1
у ненавистного бога	1
являются ее персональные	1
тоже к г	1
и болтуна специальную	1
с до или	1
афинея vi теме	1
ревниво относившимся к	1
царя сатиров применил	1
делал свои первые	1
города поставленной на	1
находится в лице	1
из персонажей на	1
к этим событиям	1
либо все погублю	1
два основных государства	1
фракиянок и один	1
собрании требовался кворум	1
не замечать в	1
лягушек в первые	1
целиком с ним	1
семей а громадному	1
места и государственного	1
се противоречивость единство	1
афинах кожевенная мастерская	1
имевшей в передней	1
отцов недаром среди	1
балаганных средств свойственных	1
смятение полагают что	1
человека к обуревающим	1
поражения в пелопоннесской	1
преданий о сусарионе	1
сниматься с места	1
афинами и негодование	1
деталей сюжета ахейцы	1
между тем римские	1
беде кратин высмеивал	1
пьес всего лишь	1
расцвет литературы театра	1
паросская хроника сообщения	1
как видно к	1
различных общественных слоев	1
и естественно отразивший	1
что всего в	1
он подобно современной	1
они такими и	1
роль в агоне	1
свои сведения у	1
в vii v	1
на искусство или	1
paus iii сокращенные	1
казну ипритом еще	1
афинской стороны клеон	1
конкретные вопросы внешней	1
агон спор в	1
мифа подложил леде	1
формион претерпевающий вместе	1
афинского быта военных	1
отвергает софистическую апелляцию	1
при царе кроносе	1
противоречивостью отличаются образы	1
только сохранившиеся пьесы	1
и по фрагментам	1
для них отцовскими	1
видов подарков приносимых	1
данной комедии tеперь	1
навозного жука достигает	1
крестьянства таким образом	1
и вовсе безнадежные	1
ахарняне или алчностью	1
стр между тем	1
дионисий начинается примерно	1
аргосом с целью	1
искони претендовали на	1
всегда с неизменным	1
в конце прошлого	1
laert ii обошлось	1
свидетельствует фукидид в	1
клеона и других	1
является чаще всего	1
детален к целым	1
сюжета ахейцы опустошают	1
продажи? видимо в	1
философского воспитания между	1
деревням и сравнительно	1
авторов кратина и	1
панцирь мой тяжелый	1
неоднократных попыток примирения	1
судебных заседаниях поскольку	1
героя или отрицательного	1
слоев выдвигали и	1
следовательно диомед и	1
в обоих случаях	1
виноградные лозы искалеченные	1
характеру уже известных	1
гете о'нейлом и	1
признание в период	1
ранее зрителю стороной	1
около столетия детище	1
зевсом т е	1
демах обвиняет писандра	1
как это еще	1
обвинялся в них	1
нам аристофан в	1
жрецов и поэтов	1
олигархии власть перешла	1
областей греции и	1
изобразил аристофан сократа	1
безземельных городских ремесленников	1
народ доверял ему	1
изумленный аристид олицетворение	1
о возрастающем влиянии	1
комедии в этой	1
приводить их к	1
них хотя такой	1
комедии пронизывая ее	1
парабасе произносимые одним	1
как мы помним	1
включая сюда и	1
есть по меньшей	1
обращение гермиппа к	1
папирусная находка сделала	1
бедности откуда возьмутся	1
если заданный вопрос	1
п или видов	1
создатели песен уже	1
всю его xxvii	1
афин полным разгромом	1
комедий кратина создается	1
происхождения гипербола и	1
комедии сообщения о	1
в родном городе	1
в театре диониса	1
кто иные как	1
к которому обращены	1
эсхила и еврипида?	1
указывает на оформление	1
имена нарицательные какими	1
ты не хочешь	1
вероятно именно поэтому	1
населения опирались хозяева	1
неповторимый похожий и	1
во фрагменте комедия	1
победного возвышения афин	1
простонародным фарсом постепенно	1
т е верховным	1
аттического земледелия политическим	1
не сказать олигархических	1
усиливала напряжение возникшее	1
у великих французских	1
что эту же	1
plato fr близким	1
не видной ранее	1
культурой нового времени	1
сила убеждения столь	1
персональных выпадов отметим	1
но функции бомолоха	1
к радикальным слоям	1
не допускать эту	1
комедии с компиталиями	1
дерзай мечтать о	1
что два наиболее	1
цивили зации и	1
правда к году	1
элементы демоса матросы	1
особенно из прямого	1
из первоначального хаоса	1
художественных особенностей древней	1
в рамках этой	1
конец бессмысленному десятилетнему	1
а также костюмы	1
опостылевшего им города	1
узкой социологической дефиниции	1
отношения афин с	1
египта ясно во	1
орхестры амфитеатром по	1
plato fr для	1
следующих за ним	1
поэтов прошлого представленных	1
против аристократов и	1
привезенного из египта	1
и сократ был	1
из богатых семей	1
такого процветания которое	1
даже не только	1
гетерий в афинах	1
отвергает все отрицательные	1
рабовладельческой демократии крупным	1
современную поэзию и	1
фигурах кожевника и	1
в сохранившихся комедиях	1
время наделен всеми	1
новые перемены открывающие	1
прокла который использовал	1
то оно все	1
однако чтобы изгнать	1
конечно никакая классификация	1
предложения спартанцев выставляли	1
эти детали создают	1
бывшие сначала безобидным	1
всего обращает на	1
геометрией ни грамматическими	1
рода ничуть не	1
хотя такой финал	1
впоследствии для афин	1
столь достойных представителей	1
комедии мифологические пародии	1
история развития комедии	1
почти всегда совпадает	1
составляли средние и	1
армией от родных	1
если в парабасе	1
афин это были	1
ламахом или диалог	1
делилась аттика в	1
не менее это	1
произведения всего аристофан	1
внимание фантастичность сюжетов	1
бутылке г советует	1
тем главным аргументом	1
вершить дела государства	1
сестре кимона эльпинике	1
силе комедии в	1
это были годы	1
примерно двадцатью годами	1
κνώδ^λα ά^χιδί трех	1
два десятилетия почти	1
аристофановского образа сократа	1
других источников ничего	1
из фригии везут	1
убеждения риторик и	1
в образе раба	1
волшебную церемонию демос	1
году наш поэт	1
убедительным подтверждения выдвинутой	1
полемики выполненной причудливыми	1
жизнь третьи всплывают	1
обогащение одних за	1
προστάτης το δγμου	1
и вернуться к	1
когда плутарх выносил	1
v веке пиндар	1
ведет несовместимость противоречивых	1
в отношении к	1
реально существовавших афинских	1
и одновременно их	1
которым почти нет	1
r c the	1
для комедии впереди	1
подвергал беспощадному осмеянию	1
дидро герцен и	1
обрядности элемент инвективы	1
в льстецах κομψοί	1
дополнительные атрибуты обстановки	1
можно игнорировать сходство	1
единство аристофановской комедии	1
кариона богатство социальные	1
проистекают из столкновения	1
с бесспорностью только	1
ей жанры дифирамб	1
и хор прославляют	1
пор вызывают некоторые	1
больше на сцене	1
есть основания сомневаться	1
мы старики не	1
орхестрой помост сообщался	1
притесняемых афинянами но	1
периклу другой современник	1
только восстановили разрушенное	1
новаторства с традиционализмом	1
решают основать птичье	1
подсказывали ему что	1
временам вполне закономерны	1
деметрия сицилия фр	1
время как из	1
непритязательность повседневной болтовни	1
древнегреческой комедии о	1
однородных членов превышает	1
в прологе и	1
торговцев купцов послужила	1
подземного царства горных	1
среди персонажей аристофана	1
дикеополь а хочет	1
свидетельства схолиаста к	1
присущую его комедиям	1
степени показательно по	1
против нее в	1
в гелиэю для	1
средств άρπαγίστατος фр	1
самых общих чертах	1
не сведущий в	1
и образу жизни	1
από του δέχεσ^αι	1
ттауоируо мошенник конь	1
социальной силой враждебной	1
посланцев только посидон	1
одном плане именно	1
военная политика выражала	1
оканчивающихся на п	1
хора сама же	1
содержании этих комедий	1
свое неафинское происхождение	1
землей иначе его	1
завершаются окончанием причастия	1
он был очень	1
г с гордостью	1
же собственно обвинялся	1
отправления организма не	1
взаимно наносимый ущерб	1
четвертый вывод для	1
в последнюю очередь	1
кругом и он	1
неповторимым явлением хотя	1
сообщение паросской хроники	1
кризиса древняя греция	1
они прибегают не	1
спартанцев и персов	1
единственное что указывает	1
к этому фрагменты	1
для всех законами	1
принимает участие в	1
костюмы вменялись на	1
женщины на празднике	1
теневой театр карагиозиса	1
аристофаном таково например	1
сусариона первым автором	1
одной лишь поэтической	1
с критикой недостойных	1
кратин фр либо	1
и евполида противопоставлением	1
которое опять же	1
потешает публику зубоскальством	1
широких кругах населения	1
кратина дионисалександр в	1
содержания комедии в	1
после свержения писистратидов	1
во время сатурналий	1
лягушки г блестящий	1
снова высмеивается большой	1
слова дают также	1
вскоре после смерти	1
кожевника оракул предписывает	1
грамматическими и этическими	1
платона фр среди	1
законы по которым	1
противоречивых чувств так	1
не следует только	1
далеко за пределы	1
военных лет не	1
слоновой кости родос	1
общества в лучшие	1
тяжелые удары начинающегося	1
софистическое образование было	1
чувствам и патриотической	1
следуют однородных члена	1
а непрошеные любители	1
фольклорным стихией к	1
из его комедий	1
создав таким образом	1
аристофан ст и	1
с целью вовлечь	1
е из главной	1
в бутылке г	1
уцелевшие в морском	1
в уже упомянутых	1
случаях когда перечисляются	1
паруса книги из	1
которых не последнее	1
справный хозяин противопоставляющий	1
его современники отзывались	1
фесмофорий апрель г	1
в открытую враждебную	1
софистов могла только	1
елены и причинах	1
чертами которые он	1
французских реалистов хiх	1
фр на пиры	1
или непосредственно или	1
одиссеи архилохи во	1
судить на основании	1
авторы и выступали	1
обвинение ликона в	1
из создавшейся смтуации	1
сюда и столь	1
или алчностью демагогов	1
потеряли около двух	1
аристофана как и	1
ковры и пестрые	1
разворовывает государственную казну	1
носившем характер свадебной	1
гуси месят глину	1
семь последних лет	1
находка сделала достоянием	1
этими качествами аристофан	1
потом перед домом	1
художественных приемов но	1
планы дикеополя тригея	1
литературы критического реализма	1
удушье т е	1
еврипидом но нельзя	1
она предстает в	1
греции и спарта	1
e ed oxford	1
и саламине всадники	1
собрании и богатство	1
словесных красок взрывавшийся	1
почему его обзывают	1
приема служит пнигос	1
ст достойными компаньонами	1
евполида против корыстолюбца	1
сходство существующее в	1
чтобы доказать свою	1
изюм и пьянящие	1
свергнута демократическими силами	1
между людьми и	1
вершиной их будет	1
называет льстецом каллия	1
даже возникла легенда	1
всенародное значение приближалось	1
привычной нам пятиактной	1
встречаем похвалу по	1
упрекает граждан в	1
чужим делом сующие	1
схема достигает своего	1
ненавистного бога войны	1
мирной жизни к	1
кучи трупов о	1
v в между	1
схол ср также	1
ораторов употреблявших ее	1
ли есть основания	1
понимать как хочет	1
аристофана занимает колбасник	1
постройка длинной стены	1
и в расхищении	1
они так же	1
транскрипции нумерация стихов	1
фемистокле athen xii	1
менее известные нам	1
в котором каждый	1
склону холма поднимались	1
прошлого комедии типа	1
мы сумеем лучше	1
противоречии может быть	1
служит еврипид так	1
гермипп европа мойры	1
но бедный крестьянин	1
тяжеловесность эсхила и	1
богатого другой утверждает	1
от ночных холодов	1
с вполне сознательным	1
периклу в комедии	1
комедийного театра так	1
приходится выбираем начальствовать	1
сцены и что	1
латинские грамматики сравнивали	1
фукидида п относящемуся	1
ответ на мирные	1
раньше молод и	1
пародии аристофана служит	1
нем средство для	1
из пирея в	1
условности названы положительными	1
мильтиад упоминаются всегда	1
фрагментов опубликованных в	1
внимание поэта в	1
себе хоровую инвективу	1
наживших состояние неправедным	1
активным образом вмешивался	1
победу второе достаточно	1
гоплитского ополчения форма	1
регулярными представлениями несколькими	1
находим в демах	1
статей охватывающий многие	1
как правило противопоставлением	1
и немощен фр	1
в мегарау мы	1
былого блаженства именно	1
подчинившая себе к	1
военных жрецов и	1
почти за две	1
в хотя как	1
государственного вспомоществования отрезанные	1
которая как видно	1
слова άκούετε λέω	1
забрали в свои	1
наследия аристофана приводит	1
iii сокращенные названия	1
демократии и выступавшей	1
поданных в традициях	1
головы как зевс	1
и его название	1
довольно многочисленным фрагментам	1
к своему участку	1
в обрядовый обиход	1
аристотель предполагал наличие	1
в агоне уже	1
основных принципов наиболее	1
что даровано ему	1
которому не удалось	1
алкмана сапфо алкея	1
по своей функции	1
том что в	1
в афинах господствует	1
сохранившиеся пьесы охватывают	1
выпады комиков против	1
представленная в фрагментах	1
связанные с развитием	1
доставляет финики и	1
связь с глаголом	1
чем думал лермонтов	1
времени тот сказал	1
дозволено"? вместе с	1
и нищего хэрефонта	1
и власть в	1
первую премию к	1
смысла длящийся уже	1
с весь славный	1
среди беспутных гостей	1
кратин высмеивал видимо	1
афин но и	1
av характерно при	1
жизни каким-нибудь декретом	1
были обозначать скалистую	1
последний наделяется весьма	1
взрывавшийся перед зрителями	1
являются у аристофана	1
древней комедии нуждается	1
прошли безрезультатно завершилось	1
de tabulai hoc	1
незаконного зачисления в	1
выступает с одинаковой	1
верховным владыкой и	1
великих афинских трагиков	1
результате длительных войн	1
стороны комиков подвергаются	1
за свое неафинское	1
литературного наследия аристофана	1
выводы о существе	1
так гесихий и	1
казнокрадов запускающий руку	1
спартанского царя архидама	1
существованию и традиционному	1
как теперь принято	1
насчитать до трех	1
одного комика кроме	1
пор такая трагедия	1
массу аттического населения	1
и фрагментах нашего	1
нас фрагментов первыми	1
глубочайшее проявление чувства	1
пьес такого рода	1
образом гиппона schol	1
готовы поддерживать афинян	1
сельском хозяйстве рабов	1
в облаках достоверно	1
относится к г	1
сл или задаются	1
остановиться на выяснении	1
скептическое отношение к	1
трудно установить кто	1
демократии прежде всего	1
достигается? как правило	1
их было только	1
тонкое его восприятие	1
εν τοΐσι κουρείοις	1
δημόσιον как и	1
ливии гуси месят	1
слов cratin фр	1
напыщенность тяжеловесность эсхила	1
из лагеря крупных	1
архилохи кратин нападал	1
остальные отрицательные явления	1
демах ни малейшего	1
любовь к человеку	1
принципиальной враждебности кратина	1
собственного мнения и	1
стороны т е	1
наделам но земля	1
софокл еврипид в	1
чем острее становились	1
вопрос откуда произошло	1
употреблении у аристофана	1
предводителем хора сама	1
поражение в пелопоннесской	1
доказать свою неусыпную	1
демократии в первые	1
мечей и щиты	1
государств взаимное недоверие	1
корней комедии как	1
опустошение сельских угодий	1
пьесы обрисовывается место	1
высоких материй к	1
тройному окончанию императивного	1
высший расцвет древней	1
гражданство своего сына	1
праздную жизнь предающихся	1
каким-либо александиийским источником	1
начинается прологом и	1
сыплются обвинения в	1
были эти высказывания	1
известные но не	1
разная солонина из	1
ιδέα в более	1
к одному и	1
еще большего наглеца	1
зрителей и поскольку	1
сотни например siaxoaioi	1
и родовитых стратегов-аристократов	1
соответственно в и	1
порождением одной лишь	1
мир в состояние	1
издевательства по адресу	1
природе демагогии и	1
сцену великих афинян	1
называемых подряд в	1
земле и утратят	1
из папирусных фрагментов	1
к людям неафинского	1
всплывают только под	1
дионисов три аталанты	1
не что иное	1
создавал не портрет	1
евафл действительно учился	1
тоже имевшая свои	1
в споре принадлежало	1
комедии до самого	1
vii vi вв	1
третий вывод инвективные	1
обычно сопутствует демагогам	1
средства надувать людей	1
правом голоса не	1
начала iv в	1
соединительные союзы такой	1
негодованием выслушивает как	1
плутарх нашел проникновенные	1
противопоставлялся софисту продику	1
одной части комедии	1
но он не	1
fr близким к	1
этим и объясняются	1
с периклом нападкам	1
выходцем из фракийского	1
все мои три	1
конторы у великих	1
плутарх прямо указывает	1
в душе оказался	1
о caмой природе	1
гepoй аристофана ставит	1
образу жизни наиболее	1
комедии то аристотель	1
комедии такого рода	1
перикл так как	1
либо фантастическое изображение	1
вводного предложения как	1
обрядах того типа	1
идейных позиций перешла	1
мог бы указать	1
среди этих явлений	1
ему и современную	1
плотских удовольствий доступных	1
беженцев в афинах	1
прилагательных оканчивающихся на	1
к высоким словам	1
г у платона	1
eth nic iv	1
это сопоставление с	1
поведение писандра уже	1
одного из наиболее	1
набеги варваров разрушение	1
содержащейся во фрагментах	1
поэтов и придают	1
монологи в парабасе	1
отношении гипербола кратин	1
из столкновения творческой	1
софистическим образованием и	1
целиком посвящены такие	1
афинянам когда необходимо	1
лакедемон на юге	1
что к apхаической	1
породила великого тирана	1
бы указать своих	1
κρατίνος ώνοματοποίησεν από	1
и извлекшим из	1
в стратеги дрянных	1
пьесы вклинивается эпизод	1
общественной и гражданской	1
к союзникам составлявшее	1
юрьевич лермонтов логически	1
в тридцать тысяч	1
собрании фр ср	1
опасности ради их	1
несколько раз на	1
случай пародии комическая	1
оказывается самим богом	1
пошлые шутки но	1
из сирии благовония	1
этих песенных и	1
не только оставалась	1
культовых обрядах в	1
о том чем	1
каждому своему члену	1
воюющих сторон во	1
в афинах и	1
от всяких авантюристов	1
перикла в дионисалександре	1
с повозок входившие	1
позволял вершить дела	1
каждый может понимать	1
комедия третирует как	1
из ливии гуси	1
поэтов отметим фрагмент	1
клеофонт наиболее известные	1
прекрасный крит шлет	1
назывались административные единицы	1
здесь и без	1
прежде всего выпады	1
ландау м бессараб	1
перикл изображался сумасбродным	1
своей внешности далекой	1
и недовольство сельского	1
в молодого полного	1
людей из его	1
войну против клеона	1
сусарионе относится к	1
которое мы сумеем	1
и трудно осуждать	1
пользу задуманного или	1
его вожди сила	1
ст стих по	1
каштаны и сверкающий	1
жанру крестьянскому были	1
приспособить для своих	1
граждан-любителей расходы на	1
знаем о псефизме	1
прологе завязывается основной	1
отказаться от хорошо	1
благочестивому молчанию при	1
позднеантичных авторов по	1
не получили отражения	1
спину в поле	1
кого должны были	1
идет о совершенно	1
моральных норм не	1
фрагмента из хиронов	1
очередь конечно лишившихся	1
кратко но выразительно	1
для торговцев купцов	1
песни в обычае	1
заполняются вереницами однородных	1
расхищение золота привезенного	1
siaxoaioi двести а	1
архедема фр и	1
отсылка к стиху	1
и достаточно условным	1
уже наметившемся конфликте	1
его современников является	1
греция не была	1
больше метров с	1
друга актера филонида	1
av бесконечным нападкам	1
играла роли беспощадно-жесткого	1
комедий аристофана приводятся	1
меняется демократия уже	1
что аттическое крестьянство	1
таком освещении которое	1
третий своими шутовскими	1
одного афинского писателя	1
пятидесятилетию включая сюда	1
ему в облаках	1
мифа часто сочеталась	1
а возвращение к	1
далекой казалось бы	1
последнюю очередь благодаря	1
средствам достижения цели	1
из поля зрения	1
абстрактные явления из	1
полного развенчания в	1
рабовладельческой демократии связанной	1
№ являются ли	1
в ахарнянах действие	1
повинного но зато	1
фриних фр и	1
землей и вот	1
своему сыну лрароту	1
общественно-политических противоречий комедии	1
его икарийцем т	1
честь фракийской богини	1
σουσαρίων λέγει τάδε	1
разрушал цельность нравственных	1
великих французских реалистов	1
земледелец недовольный военной	1
разговорной комедии что	1
ныне же когда	1
стратега рар i	1
и простой козопас	1
фесценнины бывшие сначала	1
тому из персонажей	1
и судя по	1
часть населения опирались	1
сцены из его	1
кратин сначала около	1
остроте которых во	1
литературных приемах еврипида	1
в чем не	1
вопросов осмеивали всяких	1
т е занимающиеся	1
современных ей политических	1
сторонников сицилийской экспедиции	1
неизвестна каково было	1
аристофана состоит не	1
только вызвать в	1
схолиаста к ст	1
наделяет художественный образ	1
исследования социальных отношений	1
собравшихся со всех	1
только одна десятая	1
мощная афинская эскадра	1
позднему периоду конец	1
гг две другие	1
картина близко напоминающая	1
опускается ссылки в	1
там покуда хремил	1
нашей власти на	1
внутренней политики единственная	1
достигли такого процветания	1
разоблачительной силе комедии	1
прямо называет комедию	1
из фракиянок и	1
употребительность образа σχανδίλη^ρ'	1
он в любую	1
бог театра дионис	1
для этого сословия	1
выводит ли аристофан	1
на протяжении сознательной	1
часть напоминает нечто	1
серьезный урон нелегко	1
причастия ст трижды	1
аристофана эразм роттердамский	1
всевидящие направленная против	1
с орхестрой помост	1
поставленной около лет	1
половины v в	1
пределы аттики господство	1
и победу колбасника	1
ратин используя выражения	1
те явления в	1
это особенно важно	1
друг контраст по	1
аттическое крестьянство являлось	1
принесло перевеса ни	1
часть орхестры перегораживалась	1
творчество довоенного периода	1
т е публичный	1
из аттид известное	1
поздних латинских и	1
пользу взносы союзников	1
на поклон к	1
на степень его	1
по одному от	1
золотого века царства	1
прелестницей если доказательства	1
двадцатых годов где	1
целые страны в	1
которых герои попадают	1
избирается судьей в	1
и своей администрацией	1
являются тем главным	1
мнению авторов комедий	1
σεριφιοι поставленной между	1
завоевал дна первых	1
как из деталей	1
деревья и виноградные	1
соперничество между двумя	1
антифонт рамнусийский будущий	1
в римских обрядах	1
жизнеутверждающего духа афинской	1
хоров в соответствии	1
дар и формы	1
колбасника варварское имя	1
от слепоты плутос	1
против писандра в	1
все это конечно	1
варвара-фригийца фр а	1
по богатству и	1
все же сопоставляя	1
больше триер вдобавок	1
выводимые им герои	1
этому порыву к	1
оправдывающую в облаках	1
где он чувствует	1
во-вторых и это	1
много воли и	1
ответственного за порчу	1
декретов возвышенность трагических	1
фаворита нахальством беспардонной	1
как мы уже	1
демагога памфила в	1
развитие действия утрачивая	1
творчества от до	1
в значительной степени	1
мы встречаем друга	1
иллюзорность средств используемых	1
старых нравов и	1
о социальных причинах	1
же не делает	1
война нанесла самый	1
комедии от её	1
приходится отрицать что	1
упуская случая стянуть	1
поэтому мы можем	1
духа афинской культуры	1
антиплутократической тематики следует	1
режиму в цитированных	1
норм на чем	1
с такой же	1
смелые выступления комедии	1
сама такой бессильной	1
на молодой красавице	1
или менее значительные	1
человек избранных по	1
как по трагедии	1
находящейся якобы в	1
грустная констатация в	1
собственности крестьян ведущих	1
аристофана по адресу	1
произносимые одним предводителем	1
вывод что устами	1
значительные фрагменты то	1
похожий на породивший	1
это еще нередко	1
разоблачении но беспомощно	1
вызванной к жизни	1
основать птичье государство	1
апреле г никиев	1
окончание внутри стиха	1
относится комедия евполида	1
богатых людей ведущих	1
пользовались каким-либо александиийским	1
красочный размах политической	1
существенное место причем	1
лесистую местность все	1
латинские грамматики и	1
к характеру уже	1
крит шлет кипарис	1
цитат из еврипида	1
землевладельцев к сожалению	1
не зависимо от	1
государствами эллады поддерживалось	1
от него немесидой	1
познания и этику	1
как две кайли	1
одурачивания народа это	1
поддерживала своего героя	1
xii e следует	1
аристофана сложившаяся композиционная	1
раз звучит сочетание	1
к числу таких	1
перикла содержатся у	1
что по мнению	1
главным источником для	1
вполне доступны см	1
горных духов не	1
сельских угодий скопление	1
празднества и театральные	1
принадлежит её позднему	1
семьям лисистрата чтобы	1
крестьянством особенно ревниво	1
i verso словом	1
и навести порядок	1
этого обращения вызывает	1
намекавшем на ожидающие	1
на пниксе потом	1
клеена в остро	1
самому богу дионису	1
искалеченные или вовсе	1
образовано из составных	1
когда необходимо военные	1
них поставленной в	1
войны пользуясь его	1
но в них-то	1
проблема по-прежнему находящая	1
снасти паруса книги	1
доверил следить за	1
назначение публицистического отступления	1
величайшей радости редко	1
и диомед и	1
все погублю тряхнув	1
выявить специфику античного	1
очень оживленная игровая	1
воина представляется ему	1
ему последовать то	1
по-прежнему находящая отклик	1
т д все	1
героя нашего времени	1
и пока вокруг	1
кратина гермиппа эвполида	1
комиков против новых	1
комедии аристофана для	1
он дает разумные	1
осуждал афинское государственное	1
и отобрали в	1
фр царь сатиров	1
году до нашей	1
попали в число	1
аристофановская комедия не	1
это синоним ругательства	1
которые песни в	1
по трагедии в	1
город аа^хозтоу^зя xal	1
мать гипербола как	1
он иногда производил	1
много слоновой кости	1
они произносились с	1
особенно следует выделить	1
к уже названному	1
на период войны	1
кратина завершавшую видимо	1
руководителей радикальных слоев	1
неоспорима своеобразию содержания	1
содержатся у гермиппа	1
причем каждая поддерживала	1
карагиозиса одно это	1
является их изобретением	1
противоречивость аристофановской комедии	1
или вовсе не	1
у аристофана обобщенный	1
активно вмешавшейся в	1
и гг затем	1
аристофана охватывает годы	1
в супружеских ласках	1
конном встречался выпад	1
наблюдают здесь тяжелое	1
может перетянуть кучи	1
совершая оттуда набеги	1
наиболее благородного из	1
комическое впечатление не	1
был применен кратином	1
ив первую очередь	1
более или менее	1
лое поражение оказавшись	1
человека в собирательный	1
сопровождаемый угрожающим движением	1
речитативными эпиррема и	1
несколько столетий спорят	1
в мы можем	1
конгломерат этих песенных	1
заинтересованность в исходе	1
хор в парабасе	1
организации текста у	1
становится προστάτης το	1
между реакционной родовой	1
его из числа	1
и великих дионисий	1
последних особенно яростные	1
аргументацией не только	1
давно умершего эсхила	1
все по тем	1
государственных дел в	1
супружеских ласках пока	1
доводами смиряет гнев	1
алчностью демагогов особое	1
фрагментам решается вполне	1
привел их к	1
яйцо зачатое от	1
аристократии и вот	1
несколько трагических тетралогий	1
во время войны	1
двери скены должна	1
содержащей обвинения в	1
пире пьяном кружка	1
окончанию императивного четырежды	1
этого к аристократии	1
основательные и в	1
индивидуальные черты двух	1
другом перикл назван	1
некоего зловредного софиста	1
составлявшее одну из	1
перед финском публикой	1
примерно в первое	1
афинский народ аристофан	1
находящая себе никакого	1
тригей pаскормив до	1
проливают u те	1
и причинах троянской	1
хора к зрителям	1
самых видных политических	1
эписодиев являлось неограниченным	1
ниже они называются	1
бессоюзие асиндетон вообще	1
место среди этих	1
пьес древней комедии	1
перетянуть кучи трупов	1
не только в	1
поставленной на лет	1
драматургии еврипида и	1
фр вот объект	1
вымогательстве взяток pap	1
другу их очевидная	1
радикального крыла афинском	1
и расточительством andoc	1
фрагментов в качестве	1
поставленные соответственно в	1
вещей от пародирования	1
казнокрадов и обманщиков	1
ιαμβικής ιδέας отбросив	1
и сыр из	1
и она предстает	1
помощь оказала мне	1
комедия отражает антиплутократические	1
очевидно наиболее яркого	1
что они так	1
ахарнянах пять стихов	1
плодородную мессению естественное	1
заново открыты эсхил	1
последних лет главным	1
предположить чтобы в	1
участием трех-четырех а	1
на перикла и	1
комедиях двадцатых годов	1
доме еврипида и	1
агона в любом	1
всем жизненном облике	1
учением о возникновении	1
перикла ахарняне или	1
к миру исходившим	1
аристофан великолепный лирический	1
в древнеаттической комедии	1
происхождению не следует	1
два агамемнона адониса	1
участникам полухорий и	1
подробно мы знаем	1
крупных землевладельцев что	1
партии доказать это	1
в каком контексте	1
и виноградные лозы	1
возможная в афинах	1
некий писец метробий	1
к ст аристофанова	1
достойных представителей мира	1
деятелей из дошедших	1
аристотель и таким	1
экфантида какой политической	1
явления в общественной	1
в ахариянах а	1
демократическими силами и	1
как хочет птицы	1
заложниц триеры чтобы	1
комедии и римскими	1
аристофан предложил вниманию	1
каллия он близок	1
хочешь поднять копье	1
новые комедии профессиональных	1
тридцать тысяч женщины	1
войны так называемая	1
с триадой великих	1
исцеления плутоса в	1
также фр название	1
из жизни софокл	1
fr для древней	1
его тяжелый взгляд	1
может понимать как	1
полемика кратина с	1
смеха самих богов	1
читателя облик и	1
очевидно что используя	1
место в нем	1
можно судить об	1
которые приписываются ему	1
трагическому исходу конфликтов	1
резкое недовольство в	1
наносят воспитанию гражданина	1
в отношения действующих	1
увеличено вершиной их	1
время для безземельных	1
негодные люди πονηροί	1
в задняя часть	1
комедия не может	1
афинской демократической государственности	1
малейших затруднений появляются	1
публичного слова и	1
с изготовителем панцирей	1
часть комедии только	1
у нашего будущего	1
отличительных черт афинской	1
демократии евполид в	1
кратина дионисалександр о	1
как будто бы	1
творчества поэта nesselrath	1
г в одном	1
по адресу славного	1
образы стихи из	1
эти первоначальные формы	1
дает разумные советы	1
финском публикой известно	1
такая трагедия как	1
недовольство аристократической оппозиции	1
здесь в самых	1
обрел бы такого	1
комедий евполида в	1
viii и платона	1
на сцене при	1
к тройному окончанию	1
мифологии включая сюда	1
себе состав зрителей	1
а в котором	1
в египетском происхождении	1
богиня мира находится	1
служил носильщиком у	1
стилистика древней комедии	1
бытового плана поданных	1
видно только что	1
дарования среди собратьев	1
модных направлении измеряется	1
если аристофановский сюжет	1
богиня мира мир	1
все же вполне	1
на перикла в	1
на поле бранном	1
противопоставлением нынешних стратегов	1
нужд школы наиболее	1
и приналегши на	1
богатстве и даже	1
с участием различных	1
явные выпады но	1
от пещеры где	1
наступало время обосновать	1
сицилийской экспедиции гг	1
двумя другими более	1
длительных войн соседнюю	1
в специальном журнале	1
что πλούτοι первоначально	1
возглавлявшего несколько походов	1
трагедии так и	1
понять пелопоннесские дорийцы	1
не избегает пародийной	1
инвективы так выступление	1
глаза значительное сходство	1
уже внушало серьезные	1
на всю се	1
не занимался ни	1
ратному труду из	1
публичный оратор обученный	1
в агоне главного	1
они хотели иметь	1
фрагменты м на	1
пятикратным так что?	1
с большой наглядностью	1
фр март г	1
выступление комедии против	1
элладе или островах	1
ему упрек что	1
незамысловатым и достаточно	1
известен нам не	1
элемента хор являвшимся	1
несомненно уступает разоблачительной	1
довольна яркая картина	1
истина останется так	1
представленная в комедии	1
противоречий но едва	1
противоречит мировоззрению консервативных	1
продукции одни крохи	1
банты восстановить содержание	1
от комплекса стихов	1
lys таким образом	1
но и без	1
против гипербола затем	1
имущим готовым ради	1
сoкpата из облаков	1
пирея в середине	1
и антифонт рамнусийский	1
нынешним временам в	1
уж час торжества	1
сатиров он брал	1
мы встречаем в	1
зловредности модных направлении	1
нему даже как-то	1
целях этим и	1
по поводу террористических	1
использованным в исследованиях	1
по изд менандр	1
лягушках образы эсхила	1
которые получили в	1
трудность непосредственного условия	1
из семи завершаются	1
композиционная схема аристофановской	1
в каждом виде	1
чьей-либо злой волен	1
драматурга между тем	1
комедия платона в	1
происхождению по своему	1
кайбелем было показано	1
моралисты несколько раз	1
свиней и сыр	1
мир исторических афин	1
например конкретные и	1
а сам хор	1
в соревновании с	1
лидера радикального крыла	1
социального обличения и	1
который клянется своей	1
две поменьше по	1
бы найти еду	1
ad nub во	1
εν τοΐν σφυροΐν	1
отношения афин удовлетворение	1
у эвполида в	1
впервые наблюдаем явление	1
должна была выступать	1
осуждение всего жанра	1
получили в комедии	1
как олимпийские боги	1
pаба из пафлагонии	1
внимание привлекут в	1
делом будет смущено	1
в своих комедиях	1
должны были ориентироваться	1
eupol затем в	1
за исключением одного	1
предстает омоложенный демос	1
войнa и мир	1
выбор на душе	1
как разбавляют водой	1
не искушены в	1
устами хора говорил	1
новый материал для	1
fr во фрагментах	1
двоедушия керкирян которые	1
постановщиком своей комедии	1
пародиях среди сохранившихся	1
довел переработку до	1
спустя после начала	1
сделать и третий	1
v хотя и	1
имени кифариста конца	1
характер комедии как	1
чем же она	1
из области греко-российских	1
декретом перикла ахарняне	1
й половине iv	1
неистовый кратин уже	1
поведение хороший пример	1
всего vi в	1
т п т	1
по дошедшим отрывкам	1
начале пелопоннесской войны	1
годам рано стал	1
в данной комедии	1
все пережили крушение	1
на стихи комедий	1
сoобщение о том	1
ее нападки на	1
и из неизвестных	1
андромеда елена во	1
комедии только усиливала	1
v века где	1
вождя афинской демократии	1
хотя конечно стилистика	1
смысловой нагрузки а	1
комедии и ее	1
фильдинг и дидро	1
из кирены рукоятки	1
жанре древней аттической	1
из трактатов цеца	1
всего видно из	1
едва ли есть	1
пароде хор присоединялся	1
и речевых партий	1
противоречии современной аристофану	1
скеной имевшей в	1
идеологическом содержании своих	1
об этом свидетельствуют	1
воды похожи на	1
перикла не допускать	1
всех возможных вариантах	1
собратьев нашего поэта	1
эпифания т е	1
подумает стоит ли	1
читателя аналогии с	1
скрытая неудача исключение	1
подобным философы уже	1
мне аглая захарова	1
что комическому герою	1
вокруг орхестры амфитеатром	1
системы к этим	1
мышления относительность нравственных	1
бы от насущных	1
действие в г	1
больше привлекают проблемы	1
феогнида что же	1
функций бомолоха в	1
аристофан относится но	1
ov целые группы	1
по ее сторонам	1
по условиям возникновения	1
vii v вв	1
или судебных заседаниях	1
определяется их сценический	1
рынка или банкирской	1
земледелец брал от	1
это устойчивые элементы	1
аттической комедии сразу	1
что на базаре	1
птицах или для	1
зелинский анализируя эти	1
в тяжелые военные	1
тремя различными этапами	1
природа жанра древней	1
партиях в опере	1
в стихе еврипида	1
осуждению папирус обрывается	1
ли приводимые здесь	1
последняя из них	1
выcoкo над землей	1
рабовладельческой демократии получает	1
поднять копье но	1
и внешних признаков	1
сколько автоp cчитал	1
свойственную ему идею	1
с сельским образом	1
эскадра вышла из	1
элевсина и толпой	1
подбивать народ на	1
лучше остаться в	1
ярко выраженный в	1
одни крохи но	1
представляет довольно нелестную	1
на изобретение комедии	1
комедии это целая	1
трактатов прямо называет	1
ίπων ловушки слов	1
нашего будущего физического	1
сценичность внутреннего содержания	1
обосновывали прямо противоположные	1
фр и вот	1
хор прославляют старину	1
произвел из своей	1
составе как и	1
образованием и извлекшим	1
как теперь выясняется	1
на праздниках великих	1
войны так и	1
щебету птиц или	1
сторонам древнеаттической комедии	1
происходило видимо в	1
широко использовали распространенные	1
истинным свойствам этого	1
на искажение реального	1
ибо и сама	1
собрания заключает сепаратный	1
других большей частью	1
как об основных	1
est de comoedia	1
планы прекращения войны	1
в трагедиях сохранились	1
крестьянин гнущий спину	1
каллия κσλλίου κόλακα	1
могло вызвать недовольство	1
подкупе и взяточничестве	1
но зову природы	1
теперь судить на	1
о войне а	1
архидамова война по	1
нормы давно сформулированной	1
течение одного лишь	1
например обе сцены	1
приказаний л и	1
its audience london	1
слоев демоса продолжала	1
том чем интересны	1
от афинской демократии	1
такой прием конечно	1
отдать назад золото	1
популярных в комедии	1
корыстолюбии и т	1
направлена также комедия	1
триер вдобавок ко	1
ср lysist и	1
скобках указывают на	1
это целая область	1
был человеком богатым	1
разрешает все конфликты	1
их граждан афины	1
масштаба дарования среди	1
о первом памфлетно-публицистическом	1
форме мифологической комедии	1
со спаранцами открывает	1
сходства действующего в	1
демократии крупным торговцам	1
трудно с полной	1
карион и в	1
и разврату мы	1
силами поднимающейся демократии	1
новую общественную систему	1
лирике на небо	1
художника эти первоначальные	1
вступили на путь	1
различных точек зрения	1
на празднестве великих	1
приводимые здесь факты	1
и в пору	1
получает затем по	1
из этимологических объяснений	1
форма аристофановскои комедии	1
έκοψ^δεέτο επί μανία	1
сведением самых высоких	1
фрагментов и сообщений	1
δε ρέ^? ν	1
к союзникам скорее	1
его перед финском	1
и ритуального срамления	1
εύδόξους πολίτας образец	1
сильной и осознание	1
ярых сторонников сицилийской	1
лисистрате экклесиазусах под	1
поддержка ее основных	1
и почему его	1
афину если это	1
у нас разрушили	1
эписодии могли вообще	1
фидипиида но зову	1
наших дней принесла	1
означавшим бурлить кипеть	1
недошедшие трагедии могли	1
подкреплялось и тем	1
и не зависимо	1
άνδρες fr не	1
год уже на	1
как и прокл	1
запятой например od	1
сближает комедию с	1
главе если и	1
ассонансами бессоюзием спуститься	1
на негодяя ср	1
против демагогов-богачей следует	1
часто сочеталась с	1
ср aristoph acharn	1
каждой комедии это	1
название буквально отступление	1
общественной системы к	1
агону если они	1
нам пятиактной разговорной	1
группы стихов заполняются	1
употреблявших ее в	1
в истории афин	1
людей основная масса	1
человек есть мера	1
fr phryn fr	1
месте лягушек ст	1
гг в нашу	1
ли не в	1
комедии телеклида пританы	1
объектом культового благодетельного	1
готовности к разнообразным	1
перечисленные здесь комедии	1
также в песенке	1
афинской демократии и	1
из воюющих сторон	1
богов лучший пример	1
и ксанфия в	1
говорит фр царь	1
это время была	1
потерял бугылочку как	1
не сохранилось это	1
что используя в	1
впрочем независимо от	1
причины объясняющие трудность	1
множество таким образом	1
едва ли можно	1
в дионисалександре кратина	1
от аспасии к	1
наибольшего могущества была	1
тяжелый камень от	1
свободу выражения собственного	1
статеров из персональных	1
союзники афинских олигархов	1
потому что война	1
к спартанцам с	1
как старинные скоморошьи	1
хорегу постановщиком своей	1
magnum и других	1
господства олигархии власть	1
ближе к концу	1
эти же prolegomena	1
бою содержались в	1
по имени спартанского	1
плану перикла жители	1
двести а существительное	1
стянуть у старушки	1
ни в других	1
например пород птиц	1
комедии мойры поставленной	1
около двух тысяч	1
и мир богатство	1
художника как мы	1
эффект коль скоро	1
молодежь μειράκια βινού^ενα	1
κϋνώπιδα бесстыдной наложницы	1
годы когда он	1
война несущая разорение	1
можно приурочить те	1
потерей влияния в	1
его бессовестные руководители	1
комедии беспощадно смелой	1
в частности была	1
евполида противопоставлением нынешних	1
зрителя с глаголом	1
старшего из них	1
ахариянах а полет	1
ее персональные инвективы	1
дионисиях г argum	1
выдвижная площадка на	1
превратилась в консервативное	1
политическую оценку отдельных	1
см [] blume	1
их незаконного зачисления	1
виде пародии на	1
и ее носителям	1
который они наносят	1
социальной истории афин	1
ликурга обвиняют в	1
из хиронов один	1
губительной силе времени	1
зато богатого чужеземца	1
до се редины	1
нередко в парабасе	1
и принимавший активное	1
мир лисистрата присоединяет	1
философов которая как	1
числа людей годящихся	1
коалицию не дали	1
изнывая сначала от	1
мы впервые наблюдаем	1
появляется комедия кратина	1
пьесы у аристофана	1
бы с треском	1
удары начинающегося кризиса	1
критики у кратина	1
pаскормив до размеров	1
земледельцы создатели песен	1
неувязки однако основная	1
которой я пользуюсь	1
тому же фольклорному	1
фр и тот	1
привлекает возможность сытно	1
объяснение этому дает	1
недавно умершего еврипида	1
известно что исторический	1
сравнить с аналогичным	1
персонажей аристофана занимает	1
с презрением в	1
стороны почти каждый	1
принципы построения арий	1
долей условности названы	1
компилятор афиней iii	1
которые шли вразрез	1
в я аристофан	1
доставляют свиней и	1
со сказочным содержанием	1
вот в году	1
и донат не	1
демах еполида в	1
πόρνη καί χάπραινα	1
играли в кости	1
вино фр наконец	1
найти глубину психологической	1
подражаний обработок и	1
лишь появление на	1
десятая часть впоследствии	1
по возможности опускается	1
ее не пускают	1
с демократией как	1
придти к заключению	1
комедии можно выразить	1
в рамках религиозного	1
реального прототипа драматург	1
герой сзывает честных	1
переквалифицироваться в управдомов	1
импровизаций зачинателей фаллических	1
герою в противоположность	1
морской державы съезжались	1
ни в чем	1
хозяина от которого	1
чисто внешней индивидуальности	1
хотя афины и	1
первом поэте облекшем	1
лиц отбирал для	1
гений поэта творчество	1
всей массе афинских	1
сначала в городе	1
народ аристофан вывел	1
в пользу задуманного	1
происходило от имени	1
прекращения войны и	1
называет философов άλλοτριογνώ^οι	1
слоям рабовладельческой демократии	1
аристофана открывают прямой	1
кратета амфиктионы телеклида	1
комедия возникла из	1
жанрами не обрел	1
от рук тиранов	1
за исключением произведений	1
злободневная форма общественного	1
die romische literatur	1
о моряках лучниках	1
яркая картина хотя	1
современности в классическое	1
один человек михаил	1
содержании у народа	1
отбросив элемент персональной	1
то снова отлагались	1
eврипидовской медеи аристофановская	1
только усиливала напряжение	1
фрагментов первыми в	1
отрывая его от	1
исконных идейных позиций	1
критики и сам	1
под видом немесиды	1
коем случае фантастические	1
избавиться от притесняющего	1
в классическое время	1
художественного мышления происходило	1
пор остается почти	1
хиронов также направлены	1
него либо как	1
стратегов булевтов послов	1
писфетер но и	1
arst gramm iii	1
быть направлены насмешки	1
как в былые	1
победу в споре	1
зарождение к деревенским	1
на сестре кимона	1
отобрана только одна	1
убеждениях афинских комиков	1
традиционными зрелищными формами	1
зубами испуганный пламенным	1
первоначальные формы остались	1
наоборот известна проявленная	1
трюки и пошлые	1
глух и немощен	1
значительная доля мифологической	1
этот раз ученого-шарлатана	1
до эпохи возрождения	1
из сиракуз доставляют	1
источником для пародии	1
демоса колбасник подносит	1
споре принадлежало как	1
да рядом неизвестно	1
как вы думаете	1
глину ласточки подают	1
автоp cчитал достаточным	1
поля зрения ряд	1
приходилось пускать кулаки	1
ветром по поднебесью	1
инвективных песнях объектом	1
серьезность стоящих перед	1
таким образом аристофана	1
ιαμβική ιδέα в	1
не стремится воспроизвести	1
фрагменте именует бесстыдными	1
среди которых не	1
ее сторонам перед	1
парами анафорических стихов	1
расин гейне ромен	1
книгу также точкой	1
истоках комедии он	1
в отношении наивного	1
они почти не	1
фр это отчасти	1
яркое освещение одной	1
сформулированной в хоровой	1
и против аристократов	1
самого гостеприимного человека	1
положении любительских народных	1
ему фольклорными жанрами	1
место в первой	1
не чувствуется иронии	1
притянуты к земле	1
проникают черты приближающие	1
постоянно меняющих cвой	1
побуждал их к	1
римских грамматиков причем	1
что великолепная жизнь	1
т № являются	1
общественно-политической критики комедии	1
целую комедию женщины	1
разгромом и потерей	1
он не по	1
т е из	1
соответствии данной характеристики	1
примерами правоту победителя	1
и о других	1
его клеона кербером	1
как и положено	1
герои фантастическое разрешение	1
кидаются в совет	1
примерно в то	1
у более поздних	1
себе все более	1
где число однородных	1
землевладельцев в годы	1
и занятия промыслом	1
крестьянство охотно принимает	1
погублю тряхнув трезубцем	1
внутреннем рейде сиракуз	1
первый выпад по	1
богам приходится идти	1
проявление чувства комического	1
не упуская случая	1
который прекратил расхищение	1
не сохранилась и	1
триумфом причем аристофан	1
высказывания в политическом	1
вопрос как реагировала	1
нападки на перикла	1
cл такого же	1
противопоставляя осторожную тактику	1
особенностей древней комедии	1
заинтересованных в вывозе	1
учил в v	1
ad av каллий	1
служил агон спор	1
первоначального хаоса а	1
состязании и изменив	1
земледельцев со всей	1
связывается с именем	1
истории мировой драматургии	1
в середине июня	1
считать создаваемый им	1
последний вопрос как	1
же касается v	1
принимающих участие в	1
гepoй пытается не	1
комедии впрочем независимо	1
и не пошла	1
достаточно заметный успех	1
но это еще	1
моряках лучниках и	1
нем удачливого соперника	1
в изображении его	1
образом вмешивался в	1
новую науку нe	1
мир со спаранцами	1
время требует новых	1
состязания перед лицом	1
комедии ни в	1
в г комедию	1
софиста софистами в	1
v в положение	1
бедствия чтобы я	1
х годов iv	1
и у других	1
ст к гг	1
нравственности и дают	1
мозаики цельную картину	1
точки зрения сочинений	1
чтобы проверить насколько	1
выражает свою печаль	1
недоверием и подозрением	1
уже знакомых нам	1
восходят к ее	1
элементарное восприятие комического	1
воровстве фр евполид	1
дикеополю григею самому	1
примерно одна двенадцатая	1
протащить в афинское	1
аристофана отличается достаточной	1
трактатов действительно страдают	1
акрополя с тоской	1
легковесность еврипида подсчитано	1
материалы эллинистического времени	1
еще более иллюзорным	1
был перикл однако	1
поэт спускается в	1
была большая рыбачья	1
предшественника ибсена другие	1
борьба за уничтожение	1
затем приходят сак	1
вероятно к какой-нибудь	1
успели вызвать у	1
каллия входят также	1
положительное отношение к	1
предисловие настоящий том	1
негодяя ср cratin	1
доказательства этого рода	1
придерживались определить невозможно	1
мы почитали как	1
до года в	1
творчества из которых	1
греческих трагиков почему	1
книге об академике	1
изучение комедийного театра	1
найдем ту же	1
без материала предоставленного	1
вырождения нравов довершает	1
быта военных лет	1
землю недавно умершего	1
административные единицы на	1
выбираем начальствовать над	1
произошло слово комедия	1
отказывать мужьям в	1
чуть ли не	1
оформление оставалось вероятно	1
и не один	1
v f a	1
в греческих инвективных	1
наконец ряд фрагментов	1
сделало их доступными	1
только удивляться как	1
вопрос испытывая такие	1
находились симпатии автора	1
обучению диалектике и	1
которых комедия третирует	1
в качестве заложниц	1
принадлежит заключительное словo	1
идеала если в	1
его в корыстных	1
в афинах не	1
далеком от жизнеутверждающей	1
г в я	1
iii i так	1
к глубочайшая противоречивость	1
фасад скены в	1
о взаимоотношении афин	1
симпатии автора естественно	1
идеалом плутарха совсем	1
помощью к женщинам	1
в пути оборванного	1
демократическая система государственного	1
характер архонт один	1
и хор принимал	1
войны появление утопических	1
том что постройка	1
выпады аристофана по	1
потребительское отношение к	1
vesp до последних	1
военачальника скорее можно	1
градиньян франция сентябрь-октябрь	1
навсегда отворачиваясь от	1
трагического искусства на	1
времени это была	1
культовым обрядам вспомним	1
усвоенном опыта аристофана	1
соответствия ни в	1
крупным торговцам владельцам	1
литературы могут высказать	1
хорошо оплачиваемого романа	1
семей per honestas	1
болтать мастер но	1
возьмутся рабы чтобы	1
произведениях аристофана открывают	1
отождествляется с женитьбой	1
исследованиях по социальной	1
в области идеологии	1
аттической комедии есть	1
и союзников по	1
состоянии фр общую	1
в сознании простого	1
и притесняемых афинянами	1
поскольку однако не	1
который использовал материалы	1
на какой-то грозивший	1
завязка мира пародия	1
около г как	1
афинах ремесленники из	1
не прибавляет к	1
женщины и обосновавшиеся	1
за чистую монету	1
перейти границу между	1
недошедших комедий от	1
всадииков и завершающаяся	1
идеи потешает публику	1
всех вещей от	1
войн они лишь	1
мошенник конь в	1
регламентацией образа жизни	1
жеребца огромного навозного	1
вопросы внешней и	1
обоих случаях речь	1
аристотель сообщая в	1
только на великих	1
направлении измеряется в	1
стратегов прежним подчеркивается	1
свое основное назначение	1
возвышенные мысли будут	1
так как однако	1
рядом неизвестно кем	1
берет под свою	1
приемов еврипида имело	1
чужеземца и заработал	1
и расхититель государственной	1
политическое преобладание в	1
этот достаточно распространен	1
всех отношениях первого	1
одно лишь появление	1
у современного читателя	1
то аристотель poet.i	1
york сборник статей	1
аттид известное свидетельство	1
таким образом дикеополь	1
снова подстерегают странности	1
на внешнеполитические отношения	1
коллега писандра в	1
место уже в	1
тем конечным результатом	1
этимологических объяснений якобы	1
опять же диониса	1
софокл еврипид возможно	1
которых говорится в	1
комедий платона плутарх	1
эсхила лягушки афинский	1
следующий год уже	1
от них хотя	1
почтенных семей per	1
философов поэтому лишен	1
веницианца альда мануция	1
античными филологами обозначает	1
претендовали на то	1
эпизодических сценок балаганного	1
их возможных варьированиях	1
дает окончательного ответа	1
прошлого которые пришли	1
прошлого солон мильтиад	1
неповторимое смешение политической	1
сожалению не удалось	1
допускались даже в	1
достигает на нем	1
στάσις смута породила	1
плутарха сравнение аристофана	1
сравнивали греческие аграрные	1
впрочем являлся объектом	1
не достигнув еще	1
к целому комплексу	1
порядке список открывается	1
скрежещешь зубами испуганный	1
содержался похвальный отзыв	1
исторический сократ не	1
отчетливостью это было	1
пределы одной части	1
i с насмешки	1
к ораторскому таланту	1
бы в наибольшей	1
являлся фигурой совершенно	1
ими средств принадлежащих	1
сожалению история развития	1
лет аристофан поставил	1
с именем демагога	1
парабасе устами хора	1
минувшие годы немало	1
всю жизнь третьи	1
означает что кратин	1
афины наблюдают здесь	1
каким были в	1
др комедия захватывает	1
идет о тяжелой	1
нас в государстве	1
лет не уступающую	1
намека на непригодность	1
сомневаться в исторической	1
с треском сжечь	1
еврипида которых трудно	1
и более определенные	1
в обычае еще	1
poet iii a	1
успех не говорит	1
последние из них	1
перемены открывающие путь	1
двух стихах три	1
где аристофан казалось	1
уважение к знатности	1
на папирусные тексты	1
социальных отношений в	1
разорять берега пелопоннеса	1
общие поэтому мы	1
всех но неудача	1
в самую суть	1
общественное признание в	1
весьма выразительными эпитетами	1
половиной тысячи лет	1
брехт но и	1
возродить его для	1
невидимому к спартанцам	1
точки зрения у	1
сколько сотен песчинок	1
грамматиков большинство латинских	1
отношении комиков к	1
фрагментах с речами	1
демократического строя на	1
объяснении после того	1
φιλαργυρία и антифонт	1
исходившим от поселян	1
же культовый священный	1
в демах кратко	1
сообщению гесихия насмешки	1
алкея стесихора пиндара	1
мойры евполид да	1
же имеется довольно	1
не подходит слово	1
что нынешние демы	1
тяжелые военные годы	1
возможности возникновения какой-нибудь	1
его временным отсутствием	1
все это время	1
адресу славного военачальника	1
ассонансами в восемь	1
крестьяне расходились по	1
и прежняя форма	1
так жили раньше	1
афинах великие дионисии	1
ύπό^εσις обнаруженного в	1
особенно ревниво относившимся	1
смута породила великого	1
трезубцем грозит судя	1
свою марафонскую победу	1
акад и и	1
софистами и сократом?	1
нищим болтуном который	1
способы ее воспроизведения	1
судьей в их	1
использующий весь арсенал	1
аристотеля мы узнаем	1
уже названному ритуальному	1
состязания эсхилу принадлежит	1
спутнице безоблачных мирных	1
городского населения тем	1
действия спартанцев могли	1
василией в финале	1
таковы сообщения диомеда	1
занимают значительное место	1
изобразительного искусства философии	1
домом каллия он	1
клейменых преступников фр	1
при сравнении точки	1
ответ безукоризненно правильный	1
них-то и заложен	1
антиплутократическую тенденцию легко	1
троянскую землю дионис	1
как бы центром	1
такие бедствия чтобы	1
комических вольностей с	1
которых сообщает аристотель	1
и этику объективно	1
афинян начало пелопоннесской	1
и противоречиво сложилась	1
истоков древней комедии	1
от всевластия кожевника-клеона	1
всяких авантюристов доносчиков	1
комедия евполида льстецы	1
в себя персональные	1
вооруженным конфликтам которые	1
суффикс хостю взят	1
ценность ее как	1
принадлежности сусариона к	1
фр добавим к	1
и необычный для	1
широко известного в	1
конце концов отдает	1
и пользуются его	1
г никиев мир	1
явно сатирических фигурах	1
н э который	1
i так как	1
комедии немесида поставленной	1
на рискованные а	1
для афин полным	1
неизменностью используются едва	1
как целое группируя	1
приказанию разгневанного алкивиада	1
в более подробном	1
прием хотя конечно	1
трагедиях поставленных по	1
наоборот целиком с	1
веселый друг контраст	1
из неизвестных комедий	1
леагор отец ритора	1
охватывает годы после	1
политическая программа древней	1
принимает решительных мер	1
доступ на всенародное	1
ср equit евполид	1
с аргосом нашли	1
нескольких сотен независимых	1
далеко не всем	1
дедал финикиянки причем	1
учителем-словесником как-то на	1
не всю жизнь	1
на кого должны	1
мифологических пародиях среди	1
участники посвящали свою	1
комедий кратина завершавшую	1
рабы чтобы обеспечивать	1
литературе нового времени	1
и льстивого кожевника	1
каких-то людей или	1
социальных истоков комедии	1
были заново открыты	1
устройство его демократические	1
убеждение подкреплялось и	1
начало пелопоннесской войны	1
κρόνος το παλαιόν	1
славных побед над	1
и одурачивания народа	1
менталитете их граждан	1
отвлекает другой персонаж	1
варварского бога трибалла	1
к реакционным социальным	1
прокл пользовались каким-либо	1
древнюю комедию как	1
шутовскими комментариями вмешивается	1
предисловии к ликофрону	1
пытались извлечь для	1
аттической комедии предстает	1
комедия обращалась ко	1
дошедшим отрывкам видно	1
двух поэтов друг	1
или мечтают попасть	1
κώμματα порицая его	1
к сожалению история	1
очевидная неповторимость чем	1
и негодование по	1
период господства демократии	1
произносились с другой	1
констатирует свою полную	1
повторяют друг друга	1
спорят о сходстве	1
или для ее	1
красноречие великая сила	1
фрагменте комедия νόμοι	1
перикла когда политическое	1
представленных во множественном	1
который хоть и	1
появлении кариона на	1
над своим хозяином	1
творчество всякой идеологической	1
корыстных должностных лиц	1
мира отождествляется с	1
структура комедии законченные	1
на кратина и	1
еврипида пародируя сюжеты	1
это человек такого	1
свoeй смелостью таковы	1
по своему социальному	1
брал от афинской	1
или скрытая неудача	1
притом за большие	1
комиков представляют довольно	1
а случайностью вызванной	1
до наших дней	1
богача каллия известного	1
и клеофонт наиболее	1
сверкающий миндаль финикия	1
основное назначение публицистического	1
к г и	1
фрагментов телеклида содержащихся	1
народы в пучину	1
тексты менандра по	1
из комедии εύνεΐδαι	1
хроники о сусарионе	1
отбирал для представленных	1
представляет комедия евполида	1
ни в коем	1
уделяли обучению диалектике	1
раньше демов мы	1
в нескольких статьях	1
не довел переработку	1
афинских горожан и	1
довольно нелестную характеристику	1
других полисах должны	1
является конкретным объектом	1
гг крестьянство охотно	1
и разрешает все	1
размах политической сатире	1
впереди еще была	1
выразить словами одного	1
кратина у аристофана	1
отдали дань кратин	1
у плутарха и	1
насмешливые песни κώμματα	1
кипеть и напоминавшим	1
изощренный который применяется	1
прибавим гермеса-взяточника из	1
верный показатель не	1
ситалка с афинами	1
о сл или	1
комедии дает представление	1
известно что алкивиад	1
зубоскальством но функции	1
прекратить войну и	1
высоким словам а	1
встречаем обвинения в	1
столь же очевидна	1
в оригинале конечными	1
писатели своим отличием	1
годы конечно в	1
надежно можно выявить	1
был афинский народ	1
именем амипсия конн	1
более опытными соперниками	1
один шаг до	1
комедии фрагменты м	1
поэтов становится ясно	1
эти годы больше	1
nesselrath h.-g die	1
повернуться вокруг центральной	1
прокрустова ложа а	1
типичные для этого	1
протеста против эксплуататорской	1
показания фукидида i	1
в города ее	1
ее примерно с	1
вполне разделялась крестьянством	1
виноградники в то	1
всем гражданам είναι	1
фрагментах нашего поэта	1
пародией на его	1
процессии или достаточно	1
первой из них	1
которые вылились в	1
причудливыми средствами аттической	1
являлись аттические средние	1
чувственно осязаемым проявлениям	1
обрисовывается место в	1
пародийном окружении свыше	1
действующим лицам дикеополю	1
и различных животных	1
красив блистая как	1
что она могла	1
виде каждая из	1
процессиях крестьян содержится	1
quaest graec можно	1
восхищением cratin fr	1
все равно заслуженного	1
важнейший мотив комедии	1
года последняя из	1
означало естественно победу	1
как было сказано	1
недоступным местам и	1
конкретному реально существующему	1
трагическому все дозволено"?	1
сеяли сеяли а	1
и странам мы	1
один из неизвестной	1
ораторы защищая интересы	1
неженку и болтуна	1
отношении того же	1
человеку имеющему право	1
общественных слоев выдвигали	1
с гордостью перечислаются	1
длящийся уже столетия	1
еврипида и единственное	1
была выступать комедия	1
демов сводилось как	1
связывают происхождение комедии	1
обличения и за	1
являются наиболее активными	1
позиций объекты критики	1
segal e ed	1
радикальной части рабовладельческой	1
анафорой ассонансами бессоюзием	1
взяток pap i	1
долгое время вызывавшие	1
конце концов в	1
вымогательстве взяток вывод	1
которых во второй	1
молитва сократа к	1
комедии σεριφιοι поставленной	1
же аристофана хоть	1
для нужд школы	1
как παλλακην κϋνώπιδα	1
несоединимые понятия например	1
было сделано заключение	1
пускают однако в	1
старину но прибегают	1
побед над персами	1
комедии поставлены примерно	1
поэт называет философов	1
афинах сократа драматург	1
и способствовавшие проведению	1
устоев на которых	1
экспедиции фр и	1
золотого века заимствованные	1
представлениями несколькими премьерами	1
аристофановской комедии идет	1
должны были становиться	1
это человек неаттического	1
комедии апелляция к	1
сама же парная	1
комедии это человек	1
или отрицательных героев	1
стратеги дрянных людей	1
еврипида подсчитано что	1
albrecht м von	1
ликург и почему	1
и популярных в	1
аристофана в традиционный	1
об эпифорах нельзя	1
нарушенное чьей-либо злой	1
не все пережили	1
жаждет их благодетельного	1
гг появляется комедия	1
содержания обе они	1
или птиц и	1
быть даже и	1
его полет на	1
lys xv diod	1
насущных забот сфере	1
развития комедии до	1
de сам по	1
могут быть использованы	1
зевс афину если	1
почти не использованным	1
службу к реакционным	1
олигархических гетерий в	1
похожи на рабов	1
разумные советы вплоть	1
и с известным	1
асиндетоне следуют однородных	1
блепсидему в богатстве	1
с афинскими богачами	1
ни малейшего намека	1
в противоположность трагическому	1
т е могущество	1
cratin фр ср	1
словом придуманным конечно	1
частности гагнон стратег	1
ритуальному состязанию двух	1
сам эсхил чья	1
кроносе и теперь	1
афинском демократии клеена	1
древнегреческой цивили зации	1
отличие от литературы	1
сотни литературоведов должны	1
когда-нибудь повторившейся в	1
свойств и внешних	1
я пользуюсь случаем	1
направления так известно	1
ведь еще в	1
для чужеземцев как	1
демагогический фр комедию	1
в виде фрагментов	1
в явление бога	1
и служат ответом	1
годов где всякие	1
благодетельного вмешательства фр	1
молодых щеголей ср	1
целиком разделяет мечты	1
дошел папирусный отрывок	1
еще принадлежал к	1
казнокрадов корыстных должностных	1
которой на сцену	1
победы а непрошеные	1
колбасами и в	1
войны кратин метил	1
восстановить содержание этой	1
начала войны евполид	1
и вот в	1
театр был построен	1
вскоре и была	1
древнеаттической комедии являются	1
и как продолжение	1
именно та часть	1
видно из уцелевших	1
или таких же	1
кожевника-клеона и возродить	1
значительное сходство не	1
аттика в средней	1
на великих дионисиях	1
устойчивые элементы той	1
государственности в целом	1
честь диониса обрядах	1
и в каком	1
показательно что перикл	1
настаивали софисты воплощается	1
дел в народном	1
первой половине пьесы	1
или мнимого происхождения	1
деньги фр одиозная	1
писандра для выработки	1
комедиях мифологических пародиях	1
с герой супругой	1
т п в	1
не пытаися не	1
город ясно что	1
явным парадоксом вся	1
песнь народ выход	1
полноправных мужчин примерно	1
развития и самоосознания	1
дают также в	1
зрителей в трагедиях	1
в афинах еще	1
телефа тот же	1
прежде всего обращает	1
человеком образованным прекрасно	1
fr ст ср	1
и напоминавшим о	1
по его образцу	1
болтливой молодежи прошел	1
или иначе связанные	1
всего vi и	1
создается довольна яркая	1
направленную против гипербола	1
спускается в подземное	1
лет оспаривать первенство	1
поставленный на ленеях	1
поэта в эти	1
точнее около г	1
числе прозу лермонтова	1
окружении свыше трагедий	1
а также диалог	1
не найдем протеста	1
конечно образ кожевника	1
даже и современные	1
что же? мы	1
умершего еврипида десь	1
же время для	1
происхождении у телеклида	1
снова со своим	1
процветания которое сделало	1
космогония в ст	1
антагонистов развивал аргументы	1
братьях обвинял гипербола	1
кожевника за маской	1
г в уже	1
связывают комедию с	1
традиционному образу жизни	1
против эксплуататорской политики	1
и толпой ожидавшей	1
кого ориентировался аристофан	1
спорят о том	1
художников нового времени	1
показывают что из	1
и дикеополь и	1
разорению военных лег	1
выпадов против демагогов-богачей	1
преобразованное состояние мира	1
хор присоединялся к	1
кратин нападал на	1
даже в бутылке	1
любительских народных импровизаций	1
том что они	1
у кратина во	1
руслане и людмиле	1
аттических деревнях со	1
три или четыре	1
уму а к	1
него если даже	1
консервативных слоев афинской	1
порядке творческого соревнования	1
написанные позже до	1
и в дальнейшем	1
литературоведов должны переквалифицироваться	1
иной вопрос насколько	1
убеждение заставляет античных	1
одном из папирусов	1
носителем обличительного начала	1
чтобы с достаточной	1
существовавшему дикеополь и	1
вторжение спартанцев в	1
к полному раскрепощению	1
фрагмента принято считать	1
жанра как неистовый	1
всяком случае что	1
медеи сирен тесея	1
удодом решают основать	1
персональные инвективы против	1
причем аспасия сравнивается	1
евполида таксиархи в	1
эванфий и донат	1
в элладе или	1
недружелюбно характеризует евполид	1
средством осмеяния и	1
со зрителями взглядами	1
и конном встречался	1
гнусной операции сто	1
образов служит то	1
всякие пророчества были	1
хотя бы преобразованное	1
разорения резкое выступление	1
уходят из жизни	1
вв но и	1
всадников и восходят	1
лег идеал сельского	1
качествами свойственными его	1
источника необходимо вкратце	1
по-прежнему честный но	1
вещей казалось бы	1
реванша и трудно	1
льстецом каллия κσλλίου	1
придумывает для этого	1
граждан которых кто-то	1
из комедии фриниха	1
представляемых на дионисиях	1
восемь прилагательных оканчивающихся	1
отрывок дает как	1
средством обогащения комедия	1
эксплуататорской политики афин	1
так здесь мы	1
собой и выводимые	1
и получаем представление	1
совсем иной это	1
приписываются ему в	1
тирана κεφαλεγηρ^την головособирателя	1
как один из	1
десятилетия почти столь	1
этой пьесе очень	1
почти целиком повторяют	1
союзниками демагогам о	1
мастерская а происхождение	1
четырех дионисов три	1
как богов да	1
пород птиц называемых	1
трудно предположить чтобы	1
tt)v w)).iv фр	1
участниками священной процессии	1
другие комедии кокал	1
время и с	1
грамматиков причем и	1
ii македонского которому	1
должное этим сторонам	1
обстоит дело с	1
содержащихся у плутарха	1
строжайшей регламентацией образа	1
plut lys xv	1
объясняется и употребительность	1
урон нелегко им	1
показывает непригодность односторонних	1
том где бы	1
на землю эсхила	1
всяких общественных установлении	1
кратина во фракиянках	1
исследователей было сделано	1
понятием древняя аттическая	1
реального и пристойного	1
которую он произвел	1
благополучия не являются	1
комедии до се	1
человеком крайне низкого	1
поэмах гомера можно	1
ακορ-ψον как άπανουρ^ον	1
им впоследствии неустрашимость	1
часто носившем характер	1
только сводить широкую	1
ведь несомненно что	1
месте где аристид	1
ли не рабского	1
подражание щебету птиц	1
этим сторонам древнеаттической	1
песни исполняемые хором	1
коль скоро афинская	1
власть в них	1
же необходимый кандидат	1
a koerte pars	1
варварское имя марикант	1
у него не	1
что нет в	1
концов в долголетнюю	1
предположение что во	1
недовольство усиленно поддерживалось	1
в афины центр	1
древней комедии понятие	1
не получает затем	1
комедии к философам	1
пелопоннесской войны вторжение	1
реальный мир исторических	1
времени остановили свой	1
что перикл не	1
крупа и говядина	1
что иное как	1
этот основной общественный	1
очень отдаленно или	1
ленеях г и	1
час торжества моего	1
и римскими фесценнинами	1
с комической сцены	1
roman theatre and	1
науки отрывки из	1
окрестные угодья для	1
literatur i zweite	1
в демах еполида	1
о которых мы	1
но если ему	1
успех основную массу	1
в настоящем трехтомнике	1
аттической знатью cgf	1
равные половины каждая	1
войне а в	1
преследовал другого причем	1
во времена своей	1
в тяжелом для	1
сведения о сусарионе	1
героя несмотря на	1
п в принципе	1
хэрефонт которого евполид	1
собственно никаких нападок	1
является жанром крестьянским	1
место означало естественно	1
как известно к	1
три аталанты три	1
verbesserte und erweiterte	1
для сидения чтобы	1
v в еще	1
только доказывает что	1
об исторических условиях	1
решается вполне в	1
и самоосознания личности	1
достоверности их основного	1
разной мере наделяет	1
с союзными государствами	1
часть в комос	1
более ранних комедиях	1
богом богатства плутосом	1
копье но произносишь	1
слоев афинской демократии	1
спартанцев могли только	1
брак служит обручение	1
судить главным образом	1
афинянам фракийского царя	1
в состоянии передать	1
истории европейской культуры	1
определенном свете из	1
становится возможным невозможное	1
отдохнула именно та	1
точек зрения в	1
причем и диомед	1
обычно присутствовала еще	1
πλούτοι кратина дикие	1
существа облака или	1
обряды положившие по	1
могла считать конец	1
φροντισταί athen v	1
смелых гипербол и	1
разгар деятельности олигархических	1
συκοφάντης у кратина	1
устойчивую фольклорную характеристику	1
либо ты это	1
в аттике происходит	1
демократического строя установления	1
желания делиться плодами	1
картина хотя в	1
перечисляются например пород	1
прозаическим доводам и	1
такой способ типизации	1
высших должностных лиц	1
что приурочение заманчивых	1
персонажей бытового плана	1
пучину обмана и	1
огорчался сколько сотен	1
смерти кимона т.е	1
ст пятикратным так	1
большом фрагменте из	1
часть не находящая	1
структура древней аттической	1
ар^(т] ощущается связь	1
богачей нажившихся за	1
все более тяжелые	1
из дема стейрия	1
мануция сделало их	1
такое неповторимое смешение	1
котором немалое место	1
владельцам рабовладельческих мастерских	1
сатиров применил к	1
разбивался на две	1
как у них	1
оратора реальная жизнь	1
снова отлагались от	1
не знает кто	1
ее характер лучше	1
социальных причинах порождающих	1
в братьях обвинял	1
в которой между	1
называют то £ένος	1
и он понимал	1
кратином в отношении	1
стороне от бурного	1
афинскую политику в	1
несколько месяцев до	1
гг v в	1
и следовательно гагнон	1
друг другу их	1
афинской культуры в	1
поэты и писатели	1
и пшеничную муку	1
фрагмента из комедии	1
между небом и	1
которое вызвало резкое	1
и самого гостеприимного	1
т п уже	1
комедии берет под	1
мало чем отличающуюся	1
обжорству и разврату	1
перед собой и	1
не известно но	1
науках противопоставлялся софисту	1
франция сентябрь-октябрь г	1
тоской и горечью	1
лисистрата присоединяет к	1
фр и и	1
в призрачности предлагаемого	1
попытки обуздать вольность	1
или нет отношение	1
форма государственного устройства	1
τοΐσι κουρείοις eupol	1
ритуальные призывы к	1
стоящих перед ними	1
рабовладельческого общественного строя	1
на его отца	1
и фантастические существа	1
их предводителями разумеется	1
парабаса прямое обращение	1
до конца в	1
из них он	1
еврипид и даже	1
основания это были	1
породивший его реальный	1
частности появление аристофановского	1
отметить что фемистокл	1
уже столетия спор	1
и вариаций то	1
поэт гермипп противопоставляя	1
и гомера соединяя	1
которая сумела удержать	1
бессараб передает что	1
весьма прозаическим доводам	1
богача каллия фр	1
всадниках являясь по	1
усиливается многими парами	1
происхождение этой мегарской	1
однако не вызывает	1
по случаю присоединения	1
тому как зевс	1
ополчения форма свободной	1
нападки евполида были	1
умерших поэтов снижение	1
кто-то из действующих	1
бытовым фарсом после	1
άμοργοί [πόλεο)ς όλεθροι]	1
судя по высказыванию	1
греции возглавляемые лисистратой	1
времени проводит в	1
в исторической достоверности	1
commedia dell'arte или	1
аттических комиков позволит	1
показатель не угасших	1
политическим выступлением против	1
современному читателю то	1
этим навлекшего на	1
время вражеских набегов	1
не уступающую по	1
фаллофоров входившее как	1
на те явления	1
нового времени или	1
и не плохого	1
навлек на афинян	1
традициях древнейшего народного	1
дионисиях рубеж марта-апреля	1
xen symp ср	1
в шесть тысяч	1
и разная солонина	1
была уже выше	1
поисках храма не	1
своих комедий вопреки	1
комедии осталась воистину	1
государство между небом	1
демократии которая сумела	1
могли остаться в	1
которых сплошь да	1
фр евполид изображал	1
и богатство афин	1
πλούτοι первоначально боги	1
негодующий вопрос испытывая	1
никий из дема	1
сил еще лет	1
в таком освещении	1
одни полагают что	1
сначала платных учителей	1
противоречиво сложилась судьба	1
гексаметрах пророчества в	1
года общественная активность	1
толпой ожидавшей ее	1
охотно принимает все	1
с василией в	1
множестве в этой	1
a de сам	1
гроздьями в палестрах	1
так в тех	1
подписания мирного договора	1
птицах троекратным и	1
упускать из поля	1
мы видели это	1
стихии как видно	1
и обладал естественно	1
они должны были	1
λέξω ξ κρατίνος	1
смиряет гнев своих	1
он произвел из	1
из богатства а	1
речи фольклорную обрядовую	1
многие стороны творчества	1
релятивистски используемая диалектика	1
что все это	1
его комедиях мм	1
в целом поддержка	1
реки в кисельных	1
поведение молодого фидипиида	1
πόρνων а между	1
еще дело будущего	1
поэт потерпел тяже	1
найти еду а	1
корыстолюбие казнокрадство и	1
земледельцев если никто	1
в отношении комедии	1
раз ученого-шарлатана обогащая	1
имеет свои основания	1
дошли более или	1
взяточников и сикофантов	1
лету г плутарх	1
время не допускались	1
изменив первоначальное решение	1
во всадниках кожевник	1
крыла афинском демократии	1
смерти самого перикла	1
перенесенной войны и	1
льва толстого и	1
деятелей прошлого солон	1
составлял как мы	1
могли черпать свои	1
в двух стихах	1
одной целой комедии	1
перешла в руки	1
финале всадииков и	1
аристофан за сорок	1
андроклу гласит фрагмент	1
исключительное в истории	1
лирический поэт но	1
лет главным источником	1
фр угроза обращена	1
действительности к тому	1
власти на море	1
судить как по	1
смерти торжествующей в	1
общественной повинности какому-нибудь	1
лукоголовым зевсом т	1
ad eth nic	1
не попали в	1
честь диониса ленеев	1
ρχτωρ т е	1
карион персонаж уже	1
праздничном шествии часто	1
дикеополя в эту	1
которой длительное время	1
мировоззрению консервативных слоев	1
поставленные в v	1
нападки оценка эта	1
персонажей или поэтов	1
или банкирской конторы	1
то совсем иную	1
как цирюльник остригает	1
и автору этих	1
следует выделить замысел	1
наиболее ярких комедий	1
только часть этих	1
его как варвара-фригийца	1
утраченного господства на	1
охватывающий время от	1
кутежами и расточительством	1
еще три раза	1
в малейшей мере	1
его творчество довоенного	1
кроносе когда хлебом	1
две кайли воды	1
морем и торговлей	1
победа в агоне	1
многие приемы комедийного	1
бывшие идеалом плутарха	1
athen v f	1
колбасник кидаются в	1
или их части	1
именно в отношении	1
перегораживалась продолговатым зданием	1
стареющего драматурга между	1
отметим нелестную характеристику	1
писандра который обвиняется	1
в одном нет	1
течений в идейной	1
картин золотого века	1
микроскопическом полисе не	1
угодья для афинян	1
положившие по пх	1
фр а левкон	1
на вводное предложение	1
гагнон принадлежит к	1
всем различии в	1
свадебной процессии или	1
о содержании этих	1
всенародное празднество великих	1
владения и переселялись	1
хроника и клемент	1
поэта к узкой	1
употребляются соединительные союзы	1
именно к этому	1
стала сама такой	1
на такой же	1
не избегает и	1
к людям соприкоснувшимся	1
рода ориентированы на	1
открывают прямой путь	1
буйство красок такое	1
же сообщения аристотеля	1
контраст по существу	1
единой территорией и	1
были отдать на	1
беспутных гостей каллия	1
решительностью как против	1
вывод что аттическое	1
сам как следует	1
девятнадцати лет аристофан	1
по-видимому настолько злы	1
молодого фидипиида но	1
каким образом создается	1
дали результатов здесь	1
родного города? может	1
до высшей точки	1
в последней четверти	1
греции мир лисистрата	1
последовавших за ней	1
стал выступать в	1
сплетениям слов но	1
вообще лжемудреца ответственного	1
младенцем персеем гермипп	1
направлены насмешки раздававшиеся	1
обидчики аттической знатью	1
во фрагментах комиков	1
лаконофильство евполид характеризует	1
афин удовлетворение по	1
приемы комедийного обобщения	1
одного из фрагментов	1
еще какое-то лицо	1
с это согласуется	1
гнев своих земляков	1
началом лексической комической	1
стала их оружием	1
кратина политическим сторонником	1
обработки лисистраты все	1
аа^хозтоу^зя xal xo^oai	1
тяжеловооруженных воинов не	1
кто-то ведет в	1
и обосновавшиеся в	1
главное свойство которым	1
как впрочем не	1
прототипа драматург создавал	1
которые возникли ата	1
за счет казенных	1
афродиты и опять	1
был справный хозяин	1
богатым aul gell	1
материал первые в	1
ее фольклорному происхождению	1
диониса ленеев и	1
который размышляя о	1
мы жили в	1
персонажа в сущности	1
его значении для	1
аристофан в идеологическом	1
смысле этого слова	1
на социальную позицию	1
лисандром в отношении	1
два афинских горожанина	1
ее язык впитавший	1
но при этом	1
объектом осмеяния и	1
не принесло перевеса	1
комедийный агон восходил	1
одиннадцать то есть	1
считает сусариона первым	1
силой обрушивается на	1
но известно что	1
него травестия мифа	1
амипсия или фриниха	1
τριποοίσκιος вторая строка	1
согласно одному из	1
аристофана приводятся по	1
с ее лапки	1
действительности как раз	1
надо также разуметь	1
не менее сорока	1
влияния евпатридов еще	1
конфликта в данной	1
игнорировать сходство существующее	1
к категории положительных	1
и участки от	1
совершенно определенном свете	1
или проному и	1
первой группе относятся	1
следует упускать из	1
же парных эпифор	1
смелого и самого	1
гауптманов по мотивам	1
как и аналогичный	1
уже о его	1
земледелец привязанный обычно	1
классификация стилистических приемов	1
и теперь дает	1
проникать и актуальная	1
прослойки именно потому	1
и др комедия	1
ссылки на стихи	1
комедии со сказочным	1
посвященным зиждительным силам	1
хiх иска своеобразие	1
к совершенно неизведанным	1
нападает на него	1
аттической комедии получившей	1
сначала безобидным культовым	1
олигархического направления так	1
уже упоминавшихся льстецах	1
была восстановлена и	1
античных авторов сокращенное	1
псефизме некоего морихида	1
незадолго до того	1
обосновавшиеся в афинах	1
ют друга показательно	1
птичье государство между	1
указания которым заканчивается	1
могут быть с	1
erweiterte aufl munchen	1
κεφαλεγηρ^την головособирателя т	1
государственного общежития наряду	1
те эстетические законы	1
изображен в виде	1
действующего лица прославляя	1
похищении елены и	1
театра так и	1
высмеивал его как	1
критике и разоблачении	1
местам и странам	1
не обескуражила молодого	1
других присвоение ими	1
против основ демократического	1
платона антиплутократическая тема	1
г с другой	1
о которых сообщает	1
горечью наблюдали за	1
взятку предал спартанцам	1
мало обеспокоенной судьбой	1
оформление сцены это	1
века царства кроноса	1
до нас только	1
в противоестественных наклонностях	1
откуда произошло слово	1
неизбежно связанные с	1
одном случае сократа	1
недолго в оно	1
авантюристов доносчиков и	1
комедии tеперь оставалось	1
композиционных элементах древнего	1
людей годящихся в	1
всегда затягиваете петлю	1
дверь и наверное	1
проявленная им впоследствии	1
вторжения спартанцев многие	1
фрагмент из неизвестной	1
цирюльник остригает бороду	1
относится комедия облака	1
драматургами и вот	1
вопросов которые получили	1
образец таких γεφυρισμοί	1
обеспечивать благосостояние земледельцев	1
царя сатиров диониса	1
что гипербол с	1
с социальными интересами	1
традиционализмом индивидуального начала	1
под свою защиту	1
положение государства падение	1
устареть и не	1
материальной жизни но	1
отнюдь не играла	1
они одаряют любого	1
образом дикеополь столько	1
в v в	1
у эвполида фр	1
эккиклема буквально нечто	1
ά^χιδί трех граждан	1
сельского и городского	1
каждого из этих	1
коттито или в	1
средствами комической материализации	1
саламинском бою в	1
но неудача не	1
месяцев до решающего	1
активность комедий аристофана	1
изображал с человеком	1
же времени относится	1
различного масштаба дарования	1
применен кратином в	1
понять вспомнив об	1
отношению к союзникам	1
как следует не	1
на войну до	1
политической направленности произведений	1
паросская хроника и	1
адресу низкого действительного	1
мгновение ока неприступная	1
теперь принято говорить	1
но концентрацией всех	1
спартанцам навпакт его	1
спасении данаи с	1
крестьян о воцарении	1
замыслах выходят за	1
рабовладельческих мастерских использующим	1
тригея на олимп	1
щиты из бычьей	1
существе социальной позиции	1
против консервативных мировоззренческих	1
участие в основании	1
с ней перекликается	1
поворот судьбы примерно	1
и литературной критики	1
подчас ночевавшего в	1
и вероятно без	1
т.е немногим позже	1
принимали за чистую	1
с трагедией таким	1
и источником для	1
против перикла клеона	1
имеет собственное значение	1
полностью и дают	1
величайшей симпатией мы	1
в до начала	1
идейных позиций объекты	1
женщин и представителей	1
силу закона отдать	1
эвполида в льстецах	1
их доступными широкому	1
сирен тесея финикиянок	1
платона послы поставленной	1
а попутно вспоминали	1
не только снова	1
теми же преимуществами	1
руководила евполидом при	1
что после первого	1
oxford readings in	1
происхождения этим объясняется	1
базаре на копейку	1
гесихием λέξω ξ	1
морского союза наталкивается	1
этой области ряд	1
ходу однако чтобы	1
в рабы для	1
носимых ветром по	1
в пароде парабасе	1
афин с аргосом	1
том замыкается статьей	1
евполид аналогично пафлагонцу	1
гордится морским могуществом	1
в традициях древнейшего	1
темы начатой в	1
протяжении сознательной жизни	1
дне последние из	1
для отбора пьес	1
вместе эти детали	1
в афинах кожевенная	1
завершения чтобы потом	1
έξαρχόντίον τα φαλλικά	1
и являются тем	1
в форме мифологической	1
аристофанову миру и	1
иную сферу захватывает	1
как зевс согласно	1
мир завершаются прославлением	1
этот факт однако	1
комедия с новой	1
призывы к благочестивому	1
партий тоже наследие	1
силам природы в	1
конфликтам которые вылились	1
в его произведениях	1
выводятся свойства их	1
пародийной критики и	1
своей социальной направленности	1
что устами древней	1
п сл в	1
добровольно либо все	1
и что же?	1
eupol fr во	1
хор в девичьем	1
зашел об эпифорах	1
в союзе с	1
к числу богачей	1
аристофана высмеиваются и	1
другие исследователи древнегреческой	1
произведениям античных авторов	1
хозяйстве рабов рабы	1
обманщиков неженок и	1
двух тысяч семисот	1
ораву голодных детей	1
что четверо афинских	1
бесконечным нападкам за	1
комедия относилась всегда	1
сколько пародий на	1
не осталось даже	1
плутос поставленные соответственно	1
хэрефонта фр март	1
в ряде трактатов	1
в борьбе с	1
свободной мелкой парцеллярной	1
большего наглеца и	1
добавляется такое же	1
нужна была большая	1
свободно варьировалась автором	1
также комедия авполида	1
xo^oai tt)v w)).iv	1
землевладельцы возникает вывод	1
потоках однородных членов	1
которой честный и	1
богов а в	1
встречаем друга кимона	1
подарков приносимых союзниками	1
предводителем которые и	1
в других полисах	1
устойчивую характеристику социального	1
трусливая молодежь μειράκια	1
приближающейся к современному	1
ii обошлось без	1
широких кругах селян	1
прибаутки колотушки комический	1
отдельных руководителей радикальных	1
см особенно §§	1
в основании колонии	1
комедиях тех самых	1
поэт феопомп plut	1
древнеаттической комедии и	1
почему же так	1
связано домом каллия	1
у аристофана сложившаяся	1
льстецы поставленная на	1
свободного гражданина после	1
бомолоха в агоне	1
ср рах и	1
аттической комедии ξένος	1
войны о ней	1
военные действия и	1
знатности рода ничуть	1
обвинялись в совершении	1
красоты и одно	1
в птицах троекратным	1
е публичный оратор	1
софокл или менее	1
у протагора и	1
athen xii e	1
дают своим соотечественникам	1
и его современников	1
на кого ориентировался	1
состояние однажды нарушенное	1
в стороне от	1
еврипиду выкатиться т	1
абсолютная истина останется	1
её окончанию по-видимому	1
и tpигей и	1
in aristophanes oxford/new	1
следует что в	1
один из персонажей	1
царя архидама возглавлявшего	1
олимпе и приналегши	1
это отношение комедии	1
фригии везут рабов	1
являлось по-видимому разоблачение	1
пелопоннесской войны другие	1
часть стариковского тела	1
но ни в	1
λέγει τάδε υίος	1
объясняли ακορ-ψον как	1
при кроносе и	1
нас перед явным	1
изъять имя гипербола	1
всяких казнокрадов и	1
по существу усиливается	1
полному раскрепощению человеческой	1
что кратин осуждал	1
состоял из φροντισταί	1
констатация в комедии	1
оракул предписывает найти	1
отнести и два	1
сделала достоянием науки	1
с афинской стороны	1
выпад против растрепанного	1
гиппона schol ad	1
определяло такие созвучия	1
фрагментов древней комедии	1
бы известное свидетельство	1
опытными соперниками на	1
относившимся к чистоте	1
выражения солона упрекает	1
вокруг которого концентрируются	1
одном драматическом жанре	1
в ответ на	1
же противоречивостью отличаются	1
граждан чтобы занести	1
aристофана социальная позиция	1
эллинистического времени а	1
осуждать их за	1
и ремесленников стариков	1
о сходстве и	1
всех соседних областей	1
ср fr в	1
aristoph vesp до	1
наоборот в тех	1
указанных трактатов действительно	1
ώνοματοποίησεν από του	1
трудно в той	1
мессенией превратилась в	1
что война несущая	1
число таких эписодиев	1
возрождение морского союза	1
спартанцами в ходе	1
древности указывал маркс	1
пространстве? как и	1
другой стороны интерес	1
торжествующего или побежденного	1
менее известных поэтов	1
ср также pherecr	1
крестьянскими праздниками таковы	1
роттердамский рабле расин	1
у старушки богомолки	1
фриниха и особенно	1
зрителей не менее	1
губительную войну когда	1
к семьям лисистрата	1
и иногда даже	1
также выпады против	1
обмена торговля выделением	1
с тех пор	1
мифологическая тематика занимала	1
л к тройному	1
аргосцев эти-то проклятые	1
знаем и по	1
сидения чтобы отдохнула	1
ad aristoph vesp	1
осталась воистину неповторимым	1
которому взявшие власть	1
происхождения фр как	1
право его отстаивать	1
современном смысле этого	1
приводятся по традиционной	1
бесстыдной наложницы причем	1
разорение хозяйству мелкого	1
творческого пути аристофана	1
откровенной потасовки к	1
видимо также в	1
по нынешним временам	1
греции в vii	1
в г выступало	1
конкретной ситуации опустошении	1
так и oб	1
воинственным генералам и	1
глава делится на	1
этих комедий мы	1
реально существующему и	1
государства заключает для	1
видно как из	1
чувству зрителей для	1
хозяйственным интересам аттических	1
столь заметное место	1
v schol ad	1
напротив она состояла	1
в любую минуту	1
остальные имена нарицательные	1
аналогичный по содержанию	1
наш поэт был	1
их истории сицилийской	1
ничего не известно	1
сообщения диомеда arst	1
из комедий платона	1
о протестующих процессиях	1
время от середины	1
сл в оригинале	1
материал в этом	1
вопрос о чем	1
обеспечивает его сoобщение	1
остригает бороду и	1
этого случая слово	1
театральные представления в	1
мечты обедневших крестьян	1
собой ср cratin	1
встречаем мы здесь	1
хор состоял из	1
не несли смысловой	1
должностных лиц отбирал	1
насколько был продолжительным	1
форма общественного сознания	1
пьесе очень убедительно	1
поздних авторов все	1
предложение дикеополя еврипиду	1
принадлежавшими участникам полухорий	1
касается содержания недошедших	1
платона слышится и	1
римскими компиталиями cgf	1
на современных стратегов	1
бы такого простора	1
комическая эпифания т	1
я даже не	1
всегдашней готовности к	1
всепобеждающую силу придает	1
выпады эвполида фр	1
укрепления демократического строя	1
требует новых идей	1
утрачивая свое основное	1
накрыть фасад скены	1
выступлений древней комедии	1
и содержится намек	1
кости родос изюм	1
восходят к одному	1
вы думаете что	1
как он был	1
взгляд сопровождаемый угрожающим	1
а уж сочетаний	1
человеческой личности между	1
борьбе и диалектическом	1
изображении его деятельности	1
но и представлялась	1
яа чужеземца либо	1
поражение уцелевшие в	1
богатых и родовитых	1
§§ ту же	1
п полемика кратина	1
один из любимейших	1
судьбе афинской демократии	1
дают новый материал	1
должен был подойти	1
в зависимости от	1
ярких комедий кратина	1
шли вразрез с	1
стены у нас	1
быть также и	1
аристотеля poet iv	1
власть на протяжении	1
признаки типичные для	1
занимает неравномерное распределение	1
в разложении общественной	1
комический страх переодевания	1
между прочим высмеивался	1
νοσφιστής льстец кривляка	1
и объясняются например	1
весах тут и	1
партии с афинской	1
когда перечисляются например	1
заклинания но отдавая	1
наряду с периклом	1
стоит ли начинать	1
тема выступление против	1
своеобразных композиционных членов	1
κοινόν δημόσιον как	1
олигархии больше чем	1
который мы бы	1
земледельцы покидали свои	1
он связано домом	1
адресу писандра в	1
комедии против перикла	1
мнение я думаю	1
фрагментов можно понять	1
остальные перечисленные здесь	1
исцеленный от слепоты	1
быть даже самого	1
следует отметить что	1
во-первых тем что	1
современной аристофану действительности	1
клеона фр это	1
богатых обидчиков средством	1
а определяло такие	1
изрекает свои заветы	1
не могут устареть	1
герой супругой верховного	1
посидон принимает всерьез	1
всех эллинов на	1
периальг поставленной после	1
мидия последний наделяется	1
евполида города там	1
nub во фрагменте	1
удар по плану	1
аналогии с триадой	1
путь описанная здесь	1
афинской демократии а	1
вплоть до исцеления	1
как диомед эванфий	1
в ст явно	1
затягиваете петлю фр	1
за пределы одной	1
простой народ взял	1
отпечаток он наложил	1
сознательной замкнутостью в	1
г блестящий образец	1
на этот раз	1
орфическим учением о	1
подвизающихся в ламповом	1
афин которые шли	1
ср также фрагмент	1
названы положительными с	1
конце концов одолевает	1
перебежчики поставленной между	1
на её обработку	1
пишет пьесу лягушки	1
их было объективно	1
к первой группе	1
будто бы поэт	1
выступавшие там опытные	1
рассматривать и как	1
результате перенесенной войны	1
пламенным клеоном из	1
было делом рук	1
комедий мы ничего	1
контактам с окружающим	1
окружение каллия входят	1
iii эванфия de	1
зову природы подчиняются	1
разговорчивость демократизм еврипида	1
торжества моего в	1
справедлива богатеют люди	1
применяется по отношению	1
злободневных общественно-политических вопросов	1
по социальной истории	1
насмешки комедии евполид	1
реконструкции современных историков	1
архонт один из	1
в афинах толшько	1
солонина из италии	1
отцовскими искони со	1
в афин в	1
своим собственным концом	1
евполида демы так	1
донат должны были	1
притесняющего их недавно	1
чья старомодная тяжеловесность	1
первом появлении кариона	1
крупных землевладельцев и	1
о похищении елены	1
журавли приносят в	1
нашел проникновенные слова	1
cratin fr другая	1
ρχτο>ρ συκοφάντης у	1
в период господства	1
лучший пример тому	1
жизни перикла содержатся	1
для себя сепаратный	1
античной культуры философы	1
оно все же	1
разуметь зловещую роль	1
варьировалась автором в	1
древнейшего народного фарса	1
писистратидов реформы клисфена	1
граждан в том	1
тех поколений oîç	1
качестве очистительной жертвы	1
за посещение народного	1
патриотической гордости зрителей	1
что желанная для	1
всему народу отсюда	1
предшествовать агону если	1
что сперва он	1
лучших домов первые	1
поле от рассвета	1
перевеса ни одной	1
мира создаваемого в	1
все отрицательные явления	1
в поисках храма	1
на всенародное празднество	1
ничто перед лицом	1
фантастическое изображение неведомых	1
задач типичные шуты	1
iv вероятно именно	1
arisfc i poet	1
тенденцию легко различить	1
любившего литературу и	1
безобидные нападки на	1
вовсе лишить его	1
персональные сатирические нападки	1
больше не подчинялись	1
этих потоках однородных	1
к этому восстановление	1
аттических средних и	1
в управлении государством	1
прежней славы колбасник	1
образец эстетической полемики	1
других лидеров демократии	1
конкретных исторически обусловленных	1
эпитетами κόβσλος τοχαλάζων	1
eiv если теперь	1
обвиняют в египетском	1
уступает разоблачительной силе	1
к индивидуальным противникам	1
τ^ς ιαμβικής ιδέας	1
не захочет подвергать	1
schol ad nub	1
apхаической литературной технике	1
и на взаимно	1
отцом комедии"? есть	1
всеми качествами свойственными	1
войне афинский поэт	1
которым разразившаяся война	1
применявшийся лисандром в	1
страны изобилия и	1
в город даже	1
глаголу συντριαινοω сам	1
средвековья сохранившись в	1
очень убедительно высмеивается	1
и почти всегда	1
правах общественной повинности	1
это однако трудно	1
смешение политической инвективы	1
попытаемся теперь выявить	1
вот великие законодатели	1
совершенно конкретной ситуации	1
средних и мелких	1
что под этим	1
обменивались симметричными партиями	1
доступными широкому кругу	1
сравнивает его с	1
трактатов περί χοψωδιας	1
vii в в	1
инвективы против наиболее	1
связанное с сюжетом	1
сократа трудно предположить	1
скороговорка стрепсиада в	1
фемистокла находящейся якобы	1
торговцам владельцам рабовладельческих	1
половине фесмофориазус а	1
и под именем	1
поэт прикрепляет устойчивую	1
е перикла стратегию	1
свои объективные причины	1
товарного обмена торговля	1
везут рабов из	1
главным образом гиппона	1
долей фривольности обработки	1
чужой беде кратин	1
в разной мере	1
всерьез данное ему	1
демократии богатых и	1
жителей всех соседних	1
от беллерофонта сопутствует	1
деятельности комического героя	1
покидал орхестру в	1
египта корабельные снасти	1
своему социальному происхождению	1
мелкого собственника для	1
хора покидал орхестру	1
в хиронах перикл	1
находим множество штрихов	1
уже ранее упоминавшаяся	1
и людмиле здесь	1
сказать олигархических убеждениях	1
ко всем бедам	1
прежним подчеркивается бескорыстие	1
совершенно не затронуты	1
тяжеловооруженных воинов гоплитов	1
целью вовлечь его	1
и незнатного происхождения	1
укрепить свою власть	1
другого причем подчас	1
откуда возьмутся рабы	1
землю дионис прячется	1
эолосикон написанные позже	1
касается электры aнтигоны	1
аристид и перикл	1
единстве новаторства с	1
панкратии на великих	1
до пародирования мифологии	1
афины еще в	1
всенародных празднеств оказывались	1
в политическом единоборстве	1
и ср lysist	1
обращалась ко всей	1
богини коттито или	1
здесь предполагается хорошая	1
такого рода относится	1
следующие слова '-ξΐ	1
которые в ответ	1
подчас дело доходило	1
неизменно противопоставлял поэтов	1
явления которые представлялись	1
все же ничего	1
уст аристотеля раздалось	1
на руководителей этой	1
домом дикеополя в	1
και ναταπύγον и	1
отсюда не только	1
уже под видом	1
на него самого	1
и принимали за	1
искажение реального прототипа	1
комедии ее содержание	1
gell v хотя	1
в комедиях написанных	1
классическое время отсутствовали	1
из них поставленной	1
по которым можно	1
размеров хорошего жеребца	1
по аналогии с	1
и особенно из	1
эвполида платона и	1
целом стало быть	1
делает достижение мира	1
сфере уже знакомых	1
на весах тут	1
ярких примера встречаются	1
союзников украшение города	1
был построен в	1
изделий за пределы	1
т] cov по	1
конфликт повлек за	1
что их военная	1
двух хоров в	1
интересный вопрос это	1
вдохновенного лиризма с	1
наиболее радикальной военной	1
обвиняемых в чужеземном	1
у него тратились	1
осуществляется слишком медленно	1
роль симпосиарха среди	1
апелляцию к природе	1
родовитых стратегов-аристократов прошлого	1
крошечным полевым наделам	1
демоса относилась к	1
άπραγρ.όνων γε πόρνων	1
для характеристики социальных	1
своей поэтикой едва	1
от близости или	1
отношении представляет комедия	1
в почти неизвестна	1
раз против эпикрата	1
полную зависимость от	1
что мощная афинская	1
строя эти нападки	1
ахарияне в ом	1
то ахарняне и	1
встречаем у эвполида	1
заставляет античных комментаторов	1
вмешавшейся в самую	1
анфестерий что касается	1
следовало бы с	1
т п иной	1
комедии наиболее яркое	1
в году он	1
στιγματίας то выходцем	1
же преимуществами что	1
софистами в теорию	1
фигура сикофанта iii	1
в которой на	1
с берегов геллеспонта	1
неправедным путем и	1
построена молитва сократа	1
или лягушечьему кваканью	1
комедии на философов	1
до или г	1
не прошло и	1
дело с критикой	1
по адресу всемогущего	1
жизни материковой греции	1
не могла остаться	1
адресу представителей почтенных	1
но зато богатого	1
трагический поэт акестор	1
av eupo fr	1
в подкупе и	1
пример для чужеземцев	1
содержание комедий хионида	1
г argum aristoph	1
затем в гг	1
сопутствует успех не	1
и по условиям	1
его падение ситуация	1
соседних областей греции	1
своих целей аристофановское	1
точки зрения должен	1
известного политического деятеля	1
богатства а также	1
явлением хотя многие	1
в большом фрагменте	1
е перикла фр	1
дело доходит до	1
них разрешения отсюда	1
против разных лиц	1
рассмотрение политической направленности	1
именам и произведениям	1
первые сцены в	1
компании клейменых преступников	1
дионисию фракийскому цеца	1
комический поэт феопомп	1
другое мнение я	1
царства чтобы убедиться	1
изображен в ахарйянах	1
основании колонии фурии	1
своим хозяином волшебную	1
требовались новые произведения	1
огромного навозного жука	1
и толстой вполне	1
природы подчиняются и	1
сохранившись в рукописях	1
комического вовлекающих в	1
зрения у бедного	1
обеспокоенной судьбой аттического	1
всадников автор обращается	1
или обитателей неведомых	1
осознанной ориентации на	1
дает общественно политическая	1
бурном темпераменте реального	1
работу античных критиков	1
аттическое крестьянство высказывает	1
фольклорному происхождению не	1
их художественных приемов	1
носильщиком у некоего	1
демос который был	1
список открывается πλούτοι	1
и во время	1
льстец кривляка негодяй	1
и позволял вершить	1
vi в тирании	1
территорией и денежной	1
на море пелопоннесцы	1
поставлена накануне подписания	1
recto ст к	1
μεγαροο-εν τριποοίσκιος вторая	1
и разоблачении но	1
с двумя другими	1
результатом философского воспитания	1
характеристики всякого эксплуататорского	1
зачастую составлявшие большинство	1
что он разворовывает	1
который в сжатом	1
же сближает комедию	1
развязывании пелопоннесской войны	1
все остальное дополняла	1
защиты и обоснования	1
комиков к аристократии	1
публицистического отступления эписодии	1
следует только сводить	1
который впрочем являлся	1
последнее слово в	1
одновременно материалом обеспечивающим	1
времени это непривычность	1
что касается литературной	1
из фракиянок повествует	1
сохранившиеся комедии аристофана	1
этой комедии появляется	1
выражал ни малейшего	1
леде яйцо зачатое	1
воспроизведения так мы	1
с ним согласуется	1
хору декоративное оформление	1
источников можно сделать	1
всего повествовательного характера	1
основная мысль в	1
действия демагога обман	1
и в том	1
содержание спора cocтавлявшегоo	1
и других менее	1
дуэт дикеополя с	1
zweite verbesserte und	1
из хиронов также	1
с аргосом с	1
и когда точат	1
потрясения или величайшей	1
к науке убеждения	1
сельскому уюту не	1
превосходство над изголодавшимся	1
наслаждаться всем что	1
комедии архилохи кратин	1
ведет в гелиэю	1
уверенностью отнести к	1
навлекшего на трою	1
за ним частей	1
восхваляет воинскую доблесть	1
людей или может	1
настроения селян в	1
образом по большому	1
и схол ср	1
аттику прошли безрезультатно	1
торговцев подвизающихся в	1
с неизменным восхищением	1
фр и ср	1
всегда названному по	1
того выводит ли	1
трех граждан которых	1
сплошь да рядом	1
античных комментаторов ошибочно	1
его в афинскую	1
аристофана мы можем	1
мы встречаем похвалу	1
кумире феаке ср	1
влиянии клеона еще	1
ср также schol	1
и современные аристотелю	1
вакханок европы медеи	1
феопомп plut lys	1
перикл однако запрещение	1
ступеньками по которым	1
vi в вступили	1
безукоризненно правильный но	1
благородного из всех	1
лагеря крупных землевладельцев	1
продержалось недолго в	1
после первого вторжения	1
γραμματικ дионисия фракийского	1
продолговатым зданием скеной	1
своими шутовскими комментариями	1
но отдавая должное	1
свете из полувекового	1
школы наиболее интересных	1
замечаний по адресу	1
истмийских мегарах в	1
валялись обильными гроздьями	1
что στάσις смута	1
на античных авторов	1
их сельское население	1
представителей разных городов	1
к политическим деятелям	1
где хор состоял	1
оставить сыну никакого	1
он считал лучшей	1
разных лиц обвиняемых	1
беспощадно смелой в	1
оливковые деревья и	1
мы встречаем обвинения	1
известным сообщением плутарха	1
в свою пользу	1
поэта по жанру	1
появление на орхестре	1
народных сказок рисующих	1
что он навлек	1
достигающего высокой цели	1
отражении в его	1
принесла арароту в	1
делало сценический персонаж	1
повозках и опять	1
занимал дионисалександр кратина	1
аристофана любовь к	1
происхождения plato fr	1
комедии за последние	1
элементы той характеристики	1
ни в этой	1
гражданском коллективе их	1
великолепная жизнь была	1
партии eupol.l.fr hermip	1
помним провалившаяся аристофан	1
непригодность односторонних формул	1
не столь подробно	1
защищая интересы различных	1
аристократов и олигархов	1
содержанию фрагмент ферекрата	1
слово в споре	1
толстой вполне основательно	1
бедняк хремил встречает	1
который в своем	1
которое засвидетельствовано успехом	1
свидетельство аристотеля poet	1
или по случайному	1
при марафоне и	1
того же перикла	1
по поводу двоедушия	1
умершем во фрагменте	1
чесноком хлебом торгующие	1
нашли отражение в	1
аристофана хор выказывал	1
радикальной демократии богатых	1
опубликованных в г	1
бы назвали рифмой	1
cantica agrestia cgf	1
в агоне однако	1
повторениях опущениях и	1
комедии профессиональных актеров	1
другая попытка такого	1
сборник статей охватывающий	1
необъятна как по	1
из среды богатых	1
торговцев и ремесленников	1
при фемистокле athen	1
немощен фр чем	1
для этой цели	1
объект нападок кратина	1
ст и схол	1
перикла дают новый	1
за ней событий	1
эстетической полемики выполненной	1
том каким образом	1
критики комедии со	1
переходя от детален	1
аристократией и силами	1
довольно обильный материал	1
и вступительные монологи	1
которое делает достижение	1
исключением одного или	1
нападок на него	1
на чьей стороне	1
бутылке кратина поставленной	1
принятая латинская транскрипция	1
наличие этой ιαμβική	1
содержание демов сводилось	1
отражения достаточно сказать	1
реакционная группировка так	1
точки когда же	1
было сниматься с	1
главной двери скены	1
аристофан создает в	1
создаваемый им мир	1
были ориентироваться комические	1
элемент инвективы так	1
а в сентябре	1
е а собрал	1
не обрел бы	1
в осах нужна	1
меняющих cвой вид	1
над землей иначе	1
влияние в других	1
европейскому читателю примерно	1
в другом случае	1
г здесь перикл	1
древних комиков бросается	1
а также плавт	1
поддерживал одного из	1
г советует изъять	1
празднеств оказывались в	1
вчера не мог	1
случае что эти	1
по которым разразившаяся	1
хиронов один из	1
отнести источник некоторых	1
м бессараб передает	1
сторонников войны из	1
неприятели начинают разорять	1
т е прокла	1
кроме обычных классических	1
перикла тираном верховным	1
все границы реального	1
тот же хэрефонт	1
с ламахом или	1
финале всадников автор	1
стилистическим признакам она	1
выступлением против основ	1
они придерживались определить	1
аттики крестьян именно	1
комедии аристофана хронологически	1
кимона эльпинике особый	1
удержать ее примерно	1
царства горных духов	1
нынешних стратегов прежним	1
остальное дополняла фантазия	1
успехом аристофановскпх лягушек	1
злой волен ибо	1
ораторскому таланту которого	1
помощникам в более	1
были по-видимому настолько	1
первые шаги в	1
можно сделать и	1
фраторов друзья его	1
повторившейся в истории	1
'-ξΐ γαρ άζ	1
остаться в новое	1
τα φαλλικά наконец	1
что фемистокл и	1
с вершины афинского	1
угодий скопление беженцев	1
в комос включало	1
материал фрагментов вокруг	1
критике занимает неравномерное	1
больше всего привлекает	1
сатиров отчего же	1
комедией облака которую	1
дикеополь разуверившись в	1
вместе с солдатами	1
богатство языка представляется	1
и гг крестьянство	1
те и другие	1
фр первый выпад	1
ук соч с	1
ставит нас перед	1
древних афин это	1
к жителям мегар	1
к ст ахарнян	1
вывел всемогущего лидера	1
фаллических песнях и	1
в г и	1
колбасник в то	1
уже несколько столетий	1
пытавшихся перейти границу	1
имени афинскому гражданину	1
в начале v	1
написанного в то	1
детали создают картину	1
вокруг вопросов которые	1
же? мы не	1
против алкивиада была	1
а хозяйственным интересам	1
римских обрядах как	1
страшный упадок общественной	1
обескуражила молодого автора	1
и гг евполид	1
да они такими	1
пароде и в	1
отрывки описаний золотого	1
скорее можно говорить	1
сладкие каштаны и	1
отделяется точкой от	1
то что великолепная	1
обручение писфетера с	1
и цец в	1
диомед добавим наконец	1
в частности гагнон	1
таких эписодиев являлось	1
wspi υξπ.ρξιώκ заимствован	1
мы получаем доступ	1
и использующий его	1
явное нарушение традиционной	1
которым они обеспечили	1
и противопоставление нынешним	1
осах нужна была	1
когда переговоры клеона	1
и вот на	1
в лисистрате парабаса	1
поэт акестор которого	1
επί μανία и	1
земли селян можно	1
театральные труппы со	1
оценка эта стала	1
в н э	1
иногда производил огромное	1
обеспечить каждому своему	1
специфику античного общественного	1
видом немесиды и	1
греции афины центр	1
очень существенное место	1
литературного наследия характеризуется	1
шаги в драматическом	1
обвинения в трусости	1
ласках пока те	1
нас в ногах	1
одной стороны изображал	1
афинян то снова	1
комедии дне последние	1
в какой-то из	1
т п полемика	1
особый неповторимый похожий	1
завершающаяся и богатстве	1
же хэрефонт которого	1
мир со спартанцами	1
сцены в ахарнянах	1
художественной выразительности поэтому	1
и откликается на	1
на параграфы они	1
около гг бросает	1
скены должна была	1
пятисот чтобы доказать	1
новой силой обрушивается	1
софистическая премудрость с	1
политики единственная общественная	1
ниже № по	1
бы не доверил	1
πολίτας образец таких	1
древнегреческой драмы классического	1
без вдохновенного вмешательства	1
демократическому режиму в	1
мы и здесь	1
одновременно не похожий	1
явления современных афин	1
два стиха почти	1
в тех случаях	1
заключает сепаратный мир	1
предпринял войну против	1
гостей каллия фр	1
также диалог тригея	1
пьянящие винные ягоды	1
свидетельствуют фрагменты комедии	1
алкивиад и его	1
стр этот отрывок	1
во-первых ярко выраженный	1
всеобщего благополучия не	1
самого перикла а	1
вероятно незамысловатым и	1
близким к компании	1
ранее упоминавшаяся парабаса	1
комедии является ее	1
сатурналий если латинские	1
целом поддержка ее	1
поэтому он не	1
ламахом а в	1
исключение составлял только	1
обмана и целые	1
сначала около гг	1
как в греческих	1
сатирическую типизацию давала	1
приемок благородство целей	1
руку в κοινόν	1
мечтать о браке	1
cratin fr служит	1
стараясь выявить специфику	1
истории афин и	1
сумела удержать ее	1
же рода явление	1
извлекшим из него	1
положено шуту он	1
между тем он	1
стене центральную достаточно	1
образом триаду великих	1
не была государством	1
захватывает и гомера	1
строя в потакании	1
делом рук старшего	1
перемены в судьбе	1
страх переодевания невпопад	1
и общими для	1
недоступной им как	1
аристофан придумывает для	1
материалом обеспечивающим несмотря	1
fr исключение составлял	1
марафонской победой фр	1
остается на положении	1
смелостью таковы планы	1
говорит ли это	1
приносят в зобу	1
селян в форме	1
афинах составлял как	1
чем не повинного	1
к недоступным местам	1
одному из этимологических	1
или лучше остаться	1
агоне уже перешла	1
заботу о благосостоянии	1
зарисовок из повседневной	1
еще в начале	1
должны были хорошо	1
вокальными [строфа и	1
могут высказать и	1
двусмысленное поведение писандра	1
и идейных позиций	1
сразу же как	1
м том замыкается	1
зрителеи новую комедию	1
выдвинутый протагором тезис	1
богатеют люди под	1
обрушивается на руководителей	1
были годы победного	1
с недоверием и	1
сикофант шантажировал ни	1
слепоты плутос одаряет	1
это отчасти подтверждается	1
источников дошел папирусный	1
александиийским источником или	1
внешней политики афин	1
не знаем и	1
персонаж от серьезной	1
контексте выступают не	1
сцена с участием	1
к этим временам	1
комедий аристофана был	1
отступила от своих	1
ахейцы опустошают троянскую	1
могла держаться только	1
компиталиями то следовательно	1
то и больше	1
из полувекового периода	1
достижения салтыков-щедрин маяковский	1
чужими руками проявляли	1
как правило тому	1
и ленеев чтобы	1
фантазия зрителей не	1
афинскую сцену принадлежит	1
по свидетельству схолиаста	1
перечислаются товары ввозимые	1
крестьян против произвола	1
изложен стихами в	1
от афин селение	1
средство для обмана	1
и приправы к	1
гг бросает ему	1
быть в том	1
сохранились некоторые неувязки	1
поэтов снижение стиля	1
корыстолюбие εις φιλαργυρία	1
развратника льстеца неженку	1
т е скороговорка	1
в эпикрата фр	1
муку карфаген ковры	1
древнегреческие поэты и	1
годы победного возвышения	1
других поэтов и	1
что и те	1
аристофановской комедии отнюдь	1
эсхила примерно одна	1
из своей головы	1
в гамаке подвешенном	1
политических деятелей здесь	1
что он якобы	1
несходством в их	1
нам иллюзорных решении	1
классовые корни антиплутократических	1
где аристид изрекает	1
во всадниках было	1
полухорий и речитативными	1
собственных границах различие	1
поэтов материалом для	1
симонида фриниха и	1
жюри из человек	1
физического гения безумно	1
случае фантастические средства	1
по большому папирусному	1
наиболее известные но	1
сценическую площадку заполнял	1
тексте даются по-русски	1
своего завершения чтобы	1
за взятку предал	1
песни возникавшие в	1
эвполида фр может	1
стал известен европейскому	1
в следующем виде	1
орхестре актера в	1
сытости бедняка-труженика да	1
заработал на этой	1
сам не принимает	1
для убедительным подтверждения	1
εις φιλαργυρία и	1
для прежней славы	1
всего этого тот	1
внешней политики и	1
любом случае оно	1
поэт но он	1
началу глубокого кризиса	1
в лисистрате в	1
например через всю	1
моих трудов при	1
что аттическая комедия	1
ср его недошедшие	1
афиней цитирует комедии	1
искушены в ораторском	1
выходцем из аттики	1
страсти несколько успокаивались	1
таскать каштаны из	1
каждая поддерживала своего	1
гермесом где он	1
i recto ст	1
раза eiv если	1
в предисловии к	1
гоплитов на этом	1
хор принимал сторону	1
продавщицы чесноком хлебом	1
связана в сознании	1
см [ ]	1
проявляется в образе	1
ему идею социального	1
тригею и отличие	1
в другом перикл	1
растет на вечно	1
стратегов которым в	1
завершавшую видимо его	1
разнородных элемента хор	1
концовки подкрепляются внутренней	1
могла дать поэтому	1
была судьба беллерофонта	1
лиц поддерживал одного	1
посидон фр угроза	1
замечание схолиаста который	1
ясно что структуру	1
очистительной жертвы для	1
труду из всего	1
такая боевая и	1
ее успешного ведения	1
сельские жители были	1
ему природой и	1
и schol и	1
подвергающиеся нападкам комиков	1
начале хvi века	1
v в на	1
и голода афины	1
города и встретившись	1
нанесла самый сильный	1
в афинах выявились	1
не новое или	1
этого аристофан умер	1
этой комедии не	1
при чтении фрагментов	1
легендарной жизни древних	1
в духе афинской	1
должны были решиться	1
видимо в доме	1
еще должны были	1
больше действующих лиц	1
другой стороны в	1
любимцу каллия автолику	1
ленеев чтобы понять	1
хоровой переклички а	1
лиц вполне вероятно	1
формул и опасность	1
принципов и художественных	1
евафла ρχτο>ρ συκοφάντης	1
гражданским чувствам и	1
последнего в г	1
места всем домом	1
аспасия сравнивается с	1
поставленной после г	1
новым владыкам вселенной	1
говорится в стихе	1
и гг то	1
возглавляемые лисистратой договариваются	1
исправить если заданный	1
вопреки усилиям ряда	1
афинах когда двусмысленное	1
горечью констатирует свою	1
расцвел город аа^хозтоу^зя	1
стандартными картинами изобилия	1
аттического крестьянства не	1
событиям в элладе	1
антиплутократической темы в	1
же телеф служит	1
сферу физиологические отправления	1
дани для союзников	1
за счет государства	1
зрителей то ахарняне	1
[] blume h.-d	1
в песенке из	1
писандре aristoph vesp	1
παλαιόν кратин фр	1
заброшенных каменоломнях изнывая	1
можем судить по	1
марта-апреля а потом	1
внутренней рифмой или	1
в комедии мойры	1
близки интересы сельских	1
фольклорную характеристику на	1
по высказыванию кратина	1
настоящем томе вполне	1
произведения датируемые от	1
различить в отношении	1
нескольких его комедий	1
шлет кипарис для	1
конкретность достигаемая материализацией	1
именем своего друга	1
тон в культурной	1
отрицать что все	1
в афинах последней	1
иначе связанные с	1
вызвало резкое недовольство	1
целая область со	1
которые содержатся как	1
аристофана сравнительно недолго	1
сторон аттики крестьян	1
не превышало трех	1
жители аттики должны	1
богатство даже если	1
друг на пире	1
испытание диониса и	1
спартанцам свою землю	1
в экклесиазусах ст	1
в современном смысле	1
которых направлена антэпиррема	1
пародией на сюжет	1
нас только в	1
них внешнеполитические отношения	1
фракийскому цеца в	1
исключено также что	1
уже явно оказываются	1
сам посидон фр	1
огромные деньги фр	1
фракиянках и платона	1
финики и пшеничную	1
развивал аргументы в	1
жители были мало	1
фр против стратега	1
из него средства	1
дополняла фантазия зрителей	1
apистофановской комедии в	1
корыстных целях почти	1
обработку в трагедиях	1
была выехать или	1
широкую общественную перспективу	1
комедия захватывает и	1
в древней комедии	1
политическом отношении наоборот	1
ст версия о	1
у аристофана случайностью	1
дает как будто	1
сообщается как тот	1
аттическую так и	1
вмешательства фр и	1
его предводитель а	1
поздней греческой и	1
винные ягоды из	1
άζ γυναΐ.ας προς	1
огорчение и аристофан	1
ассонансами раз т]	1
сюжетную экспозицию пьесы	1
в античном понимании	1
что элемент скептицизма	1
отношение к демократическому	1
им наредкость острый	1
демос превращается в	1
театра не царило	1
которым игравшие на	1
жизненном облике двух	1
между тем брать	1
каллия известного в	1
может быть точнее	1
на небо взлететь	1
что во фракиянках	1
между двумя крупнейшими	1
году удастся восстановить	1
структурного единства было	1
со своим хозяйством	1
не царило такое	1
показано что основной	1
хитроумным сплетениям слов	1
аспасия и лампон	1
поступью войны оливковые	1
кратин осуждал афинское	1
не представляется возможным	1
подобных андроклу гласит	1
достигнув еще девятнадцати	1
этот период демократическая	1
и его друзья	1
ориентировался аристофан в	1
извлечь для себя	1
отношение к себе	1
компаньонами бесчестных демагогов	1
чувствуется иронии или	1
фрагментах и свидетельствах	1
искусства на степень	1
участку высказывал свое	1
владельцев крупных ремесленных	1
заседаниях поскольку же	1
кратина и фриниха	1
но все его	1
карфаген ковры и	1
из духовной и	1
обошлось без нападок	1
согласуется и с	1
бросаемое периклу состоит	1
новизна его идеи	1
страшные слова о	1
прежде всего стратеги	1
источников паросская хроника	1
населения открытая враждебность	1
ему что новое	1
каково было содержание	1
argum aristoph pax	1
поэтов друг другу	1
облаках средствами комической	1
с места всем	1
у них хватило	1
современных историков античного	1
намеков на внешнеполитические	1
выясняется едва ли	1
отзыв об умершем	1
древней комедии за	1
соответствии с этим	1
форму стихотворной комедии	1
идти на поклон	1
общественной жизни афин	1
умершего эсхила наконец	1
и аристофан придумывает	1
пиндар мифологических героев	1
м на его	1
в их поэтическом	1
как варвара-фригийца фр	1
самый ее конец	1
отбор для нужд	1
выпадов отметим нелестную	1
обвинеиие по адресу	1
за собой и	1
публику к управлению	1
в vii в	1
своеобразию содержания и	1
пытались приспособить для	1
не к уму	1
вещей подтверждается между	1
результате войн с	1
аргументации взывающей не	1
кто является конкретным	1
целей аристофановское богатство	1
τάδε υίος φιλίνου	1
вникать в споры	1
комедии в целом	1
п т е	1
характер относительно безобидные	1
этого человека такой	1
тяже лое поражение	1
комической сцены может	1
эстетической программе давно	1
предполагал наличие этой	1
данном случае настроение	1
еще около столетия	1
числа афинян которые	1
ранних комедиях тех	1
уровне примитивного фарса	1
наследия характеризуется удивительной	1
fr против алкивиада	1
пока вокруг грохочет	1
словам а к	1
поддержку городской бедноты	1
систему его обычно	1
которых идет речь	1
φορμ.οφόροι несущие вязанки	1
дионисиях и ленеях	1
владыкой сравнивает его	1
автору этих строк	1
но едва ли	1
поддержкой городских слоев	1
лисия так например	1
аристофановскои комедии ее	1
трех десятков тяжеловооруженных	1
проклятые колеблются сидя	1
том месте где	1
и обеспеченности то	1
где всякие пророчества	1
платона фр против	1
мы помним провалившаяся	1
призывным гимном по	1
облаках по он	1
покидал не что	1
внешности далекой от	1
вторая группа сохранившихся	1
наконец последний отрывок	1
списков граждан чтобы	1
эпизод в доме	1
как свой город	1
титанов живших при	1
его творчество всякой	1
встретившись с птичьим	1
до размеров хорошего	1
сцену выводился известный	1
геpoeм становится по-прежнему	1
стихи комедий аристофана	1
распоряжение без вдохновенного	1
способов организации текста	1
комедии ни одного	1
не дает окончательного	1
своеобразное выражение и	1
против философов главным	1
типа который в	1
всю ее новизну	1
сильный удар по	1
в последних произведениях	1
мелкие землевладельцы собственники	1
и обнаруживает что	1
бога стимулируется призывным	1
может быть из-за	1
платона фр некоего	1
голосов при общем	1
слов но все	1
мегарской демократии не	1
другой важнейший мотив	1
смерти аристофана около	1
проверить насколько справедлива	1
не в отрыве	1
как зевс афину	1
опять парадоксальный поворот	1
друга за исключением	1
ликона и на	1
вырождение аристократии ср	1
населения почти до	1
уже свыше четверти	1
десять лет войны	1
и пестрые подушки	1
ни изложение истории	1
в в результате	1
поэт был способен	1
чуть больше метров	1
образе сократа в	1
рукописях x-xi веков	1
хозяйству мелкого собственника	1
за большие деньги	1
народном собрании фр	1
видимо его творчество	1
из импровизаций зачинателей	1
и глава делится	1
союзных городов-государств аристофан	1
эллады которая стала	1
облака которую он	1
казалось бы целиком	1
левкон в братьях	1
κόβσλος τοχαλάζων πονηρός	1
синоним ругательства все	1
в латинской транскрипции	1
них захватила реакционная	1
ничем подобным философы	1
во фрагменте именует	1
произведениях и таким	1
безмерно далеком от	1
комедия могла считать	1
стратеги у нас	1
богатая рабовладельческая и	1
прошлого века кайбелем	1
себя выгоды из	1
даже самого поэта	1
первые два несмотря	1
философы уже несколько	1
сребрный ук соч	1
видно из многочисленных	1
только эсхил и	1
от идеала красоты	1
всех законами напротив	1
в высшей степени	1
нам сейчас трудно	1
v века составляли	1
прославляют старину но	1
σκώαματα были конечно	1
cчитал достаточным для	1
да и эта	1
города о первой	1
дионис прячется в	1
с гермесом где	1
не требовал продажи?	1
уже в демах	1
крайне низкого чуть	1
недаром говорили что	1
и зарисовок из	1
же фольклорному типу	1
наряду с выпадами	1
в отношении захватываемых	1
совершении каких-то кощунственных	1
новых средств художественной	1
заветы всем гражданам	1
девять пьес эсхила	1
стариков и женщин	1
анекдот из области	1
если латинские грамматики	1
шествии часто носившем	1
социальную позицию аттического	1
художественного мышления настаивают	1
нравов довершает фигура	1
следующие слова άκούετε	1
моральной нормы давно	1
и уже наметившемся	1
культовым обрядом стали	1
меньшей мере две	1
в комических партиях	1
резче должна была	1
комедиям аристофана лишь	1
льстецах евполида в	1
и обманщиков неженок	1
по свидетельству афинея	1
у других комедиографов	1
источников ничего не	1
двенадцатая а софокла	1
всей греции которые	1
актеры спускались к	1
их к вооруженным	1
трагических хоров и	1
паламед андромеда елена	1
придают им наредкость	1
религиозного празднества каким	1
аристофановской комедии является	1
ее лапки пародирует	1
типизацию давала ему	1
тт и в	1
стихе еврипида не	1
герцен и гоголь	1
необычно чем форма	1
точек зрения на	1
икарийцем т е	1
перспективы и потому	1
четырехсот фр в	1
соответствовало демократическому строю	1
до исцеления плутоса	1
афинских олигархов или	1
во фрагменте поэт	1
очевидно именно к	1
годы славных побед	1
видят в еврипиде	1
ферекрата фр платона	1
цели низкими средствами	1
комедии приводимой гесихием	1
узнаем о деревенском	1
человека хотя и	1
за все границы	1
самых важных государственных	1
композиционная схема достигает	1
политической инвективы с	1
так и против	1
состояние см особенно	1
путь демократического развития	1
отношении наивного гражданина	1
и ненависть к	1
в ахарнянах"в эпизоде	1
не единственные демагоги	1
берегов геллеспонта макрель	1
с выпадами против	1
дионисий и проходили	1
начальствовать в целом	1
являлось социальной силой	1
к демократической партии	1
την στρατηγίαν фр	1
собраний и богатая	1
всего афиняне потеряли	1
у платона встречается	1
о благосостоянии народа	1
на государственных бедствиях	1
fr другая попытка	1
якобы перикл пытался	1
которой мифологическая тематика	1
город даже для	1
уже знаем их	1
ок гг кратин	1
раздалось недвусмысленное осуждение	1
с бытовым фарсом	1
эпифорам прием который	1
обрывается на том	1
значительно сложнее и	1
группировками прежде всего	1
в котором приводится	1
на внутреннем рейде	1
комедия получает доступ	1
своих изделий за	1
населения тактикой перикла	1
платона о содержании	1
послы поставленной в	1
комедии же аристофана	1
фрагментах кратина фр	1
афинея для этой	1
характеристика демагога в	1
менандра бывшие идеалом	1
оси не видной	1
потоке пьес древней	1
в v веке	1
с кашей великолепен	1
cocтавлявшегоo идейную основу	1
демократия отдававшая предпочтение	1
чтобы кoe-как прокормить	1
демократической партии eupol.l.fr	1
комедии этим стремлением	1
поэзии на афинскую	1
союзников как цирюльник	1
решающая роль в	1
прошел науку εν	1
в пародийном окружении	1
отзывы и о	1
комических преувеличении но	1
pax действие комедии	1
которым в былые	1
для десятков подражаний	1
людям всей европы	1
истории древних мегар	1
чаще всего не	1
тем римские компиталии	1
называли сначала платных	1
холма поднимались деревянные	1
ногах ср рах	1
результатом этих успехов	1
и занятия декелей	1
трагедии здесь предполагается	1
рисующих либо картины	1
новизной средствам достижения	1
дионисалександр о содержании	1
включало в себя	1
но выразительно болтать	1
себе слишком много	1
и доводила его	1
середине июня г	1
чем во времена	1
несколько иронических замечаний	1
] а также	1
закономерны остается последний	1
грустная констатация что	1
андрокл остальные имена	1
то наше внимание	1
массы трудящихся видимостью	1
друга кимона престарелого	1
демос от всевластия	1
что у него	1
сравнивается с герой	1
в лягушках образы	1
гнева богов фр	1
альда мануция сделало	1
делом сующие нос	1
казнокрадстве корыстолюбии и	1
не использованным в	1
на элементарное восприятие	1
античной комедии за	1
источником или непосредственно	1
новые произведения всего	1
предводителями разумеется могли	1
она могла дать	1
вниманию зрителеи новую	1
тригея установление мира	1
сословия выявляются при	1
cвой вид а	1
в комедии наиболее	1
еще кто-то из	1
ферекрата αυτόμολοι перебежчики	1
было бы сравнить	1
сложились отношения с	1
хор исполнявший свою	1
числу таких выпадов	1
достаются и свободным	1
что они жили	1
в роли шута-простака	1
было показано что	1
силой враждебной афинской	1
распутников а попутно	1
целого жанра который	1
конфликте эта часть	1
поэтов различного масштаба	1
απλούν πα^υργίας άπηλλα^μένον	1
и справедливости с	1
ed lipsiae отсылка	1
обычае еще и	1
мегарау мы впервые	1
демос в явление	1
и взяточничество этими	1
собрание цитат из	1
времени царили и	1
характеристики социальных корней	1
но беззаботного пьяницу	1
по фрагментам и	1
в пирсе themist	1
низкого действительного или	1
друг от друга	1
схожестью с ними?	1
так например через	1
технике эсхила аристофан	1
конн названная по	1
художественный прием был	1
xiv paus ix	1
доказательно обосновывали прямо	1
одного из συγγραφείς	1
но без иронии	1
в большинстве случаев	1
можно извлечь четвертый	1
см arisfc i	1
евполида льстецы поставленная	1
которому обращены следующие	1
по плану перикла	1
политических деятелей? источники	1
благодаря своей внешности	1
на то чтобы	1
качествами аристофан в	1
и в дележе	1
свой творческий путь	1
с ее изощренной	1
плутарха quaest graec	1
адресу риторически образованных	1
которому он дает	1
бессовестные руководители с	1
экклесиазусы женщины в	1
подробном объяснении после	1
корабли и людей	1
и противоречий но	1
или двух слов	1
руководителей демократии в	1
и платона в	1
самом начале пелопоннесской	1
плутарха что в	1
демократии но концентрацией	1
ludi vicinales от	1
афины центр могущественной	1
были в большом	1
теорию познания и	1
раннего средвековья сохранившись	1
сиракуз потерпели последнее	1
индивидуальных психологических свойств	1
том насколько верно	1
академике л ландау	1
ст ср также	1
перед лицом смерти	1
суровый приговор аристофану	1
париса присудившего победу	1
эсхила и еврипида	1
его друзья обвинялись	1
какими принята называть	1
начинался рано утром	1
богачами так здесь	1
выслушивает как сикофант	1
поэта nesselrath h.-g	1
в правление четырехсот	1
комедии отнюдь не	1
своих фраторов друзья	1
свои заветы всем	1
комедию изобретением земледельцев	1
войны проливают u	1
разорять троянскую землю	1
в лягушках выступающий	1
яркий материал в	1
появление аристофановского образа	1
соблазнительных девиц ахарняне	1
i павсания аристотеля	1
отчетливее проявляется в	1
его произведениях мировоззрения	1
обличительным см ниже	1
содержания недошедших комедий	1
являвшимся носителем обличительного	1
и афинея для	1
сравнительно редко заглядывали	1
быть отнесены с	1
специальную комедию евполид	1
советы однако в	1
корни антиплутократических выступлений	1
них не сохранившаяся	1
всего в пародийном	1
перикл прибывают из	1
проходит противопоставление честных	1
обычно в латинской	1
дать поэтому симпатии	1
к нему с	1
аттического народонаселения наконец	1
его окружения аспасия	1
ксанфия в лягушках	1
из числа των	1
он но прежде	1
чужеземцев кратин во	1
г и связывается	1
в драматическом искусстве	1
длинных сложных слова	1
сцены дикеополя с	1
причем подчас дело	1
была отобрана только	1
произносишь страшные слова	1
храма не подверженного	1
его сорока комедии	1
решиться вопросы о	1
представляется возможным но	1
не может перетянуть	1
и третий вывод	1
даже горшка όπου	1
члена объединяемые еще	1
по адресу риторически	1
перикла это видно	1
так построен последний	1
сферу захватывает такой	1
держаться только при	1
результатов здесь во	1
фрагменты по которым	1
противоречивость единство аристофановской	1
адресу всемогущего демагога	1
мифологических героев пытавшихся	1
восприятие которое засвидетельствовано	1
недоверие и скептическое	1
ст cл такого	1
концов одолевает противника	1
в их общественно-политическом	1
золото взяточников и	1
принесла может быть	1
писфетера с василией	1
поступившими в его	1
в былые дни	1
в явно сатирических	1
раз огорчался сколько	1
будущего пока же	1
страны ареопага оплота	1
на него если	1
демократии к первой	1
видимо не случайно	1
цель ставили перед	1
поссорить ситалка с	1
стремлением к миру	1
с негодованием выслушивает	1
утопия берущая начало	1
землю в то	1
сил природы позволяло	1
сюжеты и отдельные	1
гипербола евполид аналогично	1
престарелой прелестницей если	1
современные аристотелю со	1
свое принципиально положительное	1
можно выразить словами	1
от земных конфликтов	1
афинская демократия стремилась	1
что и хор	1
признаков сатирическая типизация	1
позволяло делать объектом	1
небо взлететь о	1
жизни и каждый	1
вернуть на землю	1
по содержанию дошедших	1
ту же антиплутократическую	1
союзы такой прием	1
и моральное право	1
присоединяет к этому	1
а потом для	1
созданной по настоянию	1
состояние неправедным путем	1
сующие нос не	1
в потакании паразитическим	1
рынок доступный для	1
фоне выделялись два	1
отношения с гимназическим	1
явление бога стимулируется	1
кутил особенно известен	1
справляет сельский праздник	1
солдатами все тяготы	1
представителей почтенных семей	1
представляется результатом философского	1
петрушки итальянская commedia	1
один из девяти	1
тираном верховным владыкой	1
пирсе themist думается	1
незнатного происхождения этим	1
себе столь заметное	1
прежняя форма государственного	1
расцвета ему отдали	1
и формы древней	1
картин былого блаженства	1
вопрос это отношение	1
демоса выкрадывают у	1
и возродить его	1
афинское государственное устройство	1
их общественно-политическом устройстве	1
группа сохранившихся комедии	1
мой тяжелый друг	1
стихотворной комедии можно	1
вдохновенного вмешательства художника	1
судей и военных	1
против видных граждан	1
же когда приходится	1
конце прошлого века	1
некий аристодем μ^αρος	1
по фрагментам решается	1
центр области аттика	1
выказывал живейшую заинтересованность	1
комос включало в	1
удостоился второго места	1
иногда два стиха	1
эти-то проклятые колеблются	1
этого действующего лица	1
включая сюда век	1
неравномерное распределение богатства	1
для отвращения гнева	1
прорицания предсказывающие его	1
выражения собственного мнения	1
тактикой перикла дают	1
конечными ассонансами раз	1
последних его произведенниях	1
осы и завоевал	1
идейной жизни афин	1
первом памфлетно-публицистическом направлении	1
встречаем в комедии	1
выдвигает какую-то новую	1
сообщений наших источников	1
фр в третьем	1
бы поэт был	1
стороны зелинский анализируя	1
и здесь мы	1
дров с гордостью	1
современных философов поэтому	1
обширная и очень	1
сзывает честных земледельцев	1
т д только	1
заключение об антидемократических	1
составление протокола ф	1
алкивиада была направлена	1
пользовались во время	1
δικαίους iii verso	1
царе кроносе когда	1
и философия софистов	1
террористических методов применявшийся	1
вернуть мир в	1
писать пьесы άφέμενος	1
об элементарной сытости	1
во-вторых поскольку софистическое	1
всемогущего лидера радикального	1
из конкретных исторически	1
в одном случае	1
домов первые люди	1
и как теперь	1
если ему последовать	1
высокопарного мудрствования сократ	1
гуманистов а вслед	1
комедии и какой	1
состоянию а учредить	1
этой комедии роль	1
вообще несметное множество	1
и еврипида за	1
был продолжительным сельский	1
для своих целей	1
в действии иначе	1
генералам и всяким	1
рабов из пролога	1
демократии в казнокрадстве	1
ср eupol затем	1
единицы на которые	1
власть и богатство	1
что он подобно	1
клянется своей марафонской	1
гипербол становится προστάτης	1
отвлеченных понятий и	1
берегах а еда	1
встречаются на самом	1
композиционная структура древней	1
κωμάζειν или от	1
сторонникам демократии евполид	1
хоровую инвективу с	1
оспаривать первенство в	1
мы ничего не	1
как яа чужеземца	1
фр и никакой	1
пору её расцвета	1
их основного содержания	1
действующего в регионах	1
индивидуальным противникам и	1
фр женатого на	1
участие в обсуждении	1
будет смущено его	1
невозможных без открытости	1
в die griechische	1
лица а художественный	1
в комедии видна	1
притом очень интересный	1
в храме асклепия	1
в положение меняется	1
разврате eupol fr	1
μειράκια βινού^ενα εν	1
половине vi в	1
пелопоннесском полуострове подчинившая	1
фрагменте из комедии	1
царство чтобы вернуть	1
в комедии уничтожающей	1
сравнение аристофана с	1
менее сорока комедии	1
хором в полном	1
сказано только комедии	1
же ты не	1
о которых говорится	1
аристофана в комедиях	1
лирических поэтов алкмана	1
клеона гипербола клеофонта	1
себе автолик являлся	1
сумасбродным тираном игл	1
частности была судьба	1
за исключением комедий	1
истории афинского театра	1
арий и диалогов	1
фр некоего ликурга	1
принесении жертвы см	1
платона встречается обвинеиие	1
выпады но показательно	1
вполне закономерны остается	1
или поэтов прошлого	1
фр ст достойными	1
чем видят предки	1
довоенных комедий кратина	1
этой гнусной операции	1
ритуалом посвященным зиждительным	1
облака г как	1
здесь хор часто	1
фрагментах древней комедии	1
общем потоке пьес	1
неожиданность является чаще	1
художественный тип характеристика	1
свет на социальную	1
мира мифов как	1
римского этапа к	1
эры был произведен	1
видимо в обоих	1
противоречивостью социальной позиции	1
демократии получает своеобразное	1
обличительные крестьянские песни	1
наивную доверчивость народа	1
гипербол и клеофонт	1
в следующем году	1
именно в этой	1
живших при кроносе	1
в остро гротескной	1
демократия уже одержала	1
граждан полиса обогащение	1
положительных или отрицательных	1
мира пародия на	1
к чужеземцам свидетельствует	1
массового издания тех	1
и формы его	1
высказывание из комедии	1
комедии очень противоречива	1
этих σκώαματα были	1
fr для аттической	1
этих лет требование	1
зрителями на протяжении	1
города ее не	1
отсутствием герой сзывает	1
из всех эллинов	1
так мы получаем	1
других ни у	1
где бы найти	1
трех стихах п	1
установлении и независимо	1
об восковым слепком	1
четыре геракла по	1
вспоминал что сперва	1
схолий стесихора ухитрился	1
катастрофы года общественная	1
нему с недоверием	1
острый характер относительно	1
исследователей зачислить аристофана	1
лиризма с бытовым	1
древних при царе	1
также связывают происхождение	1
был произведен отбор	1
вырубленные во время	1
обиход анфестерий что	1
них mир была	1
изобилия относящегося к	1
для аттической комедии	1
молодой человек может	1
шуту он отвлекает	1
более определенные указания	1
к гражданским чувствам	1
разделяет мечты обедневших	1
подземного царства титанов	1
пиры у него	1
заставляет очень осторожно	1
фигура каллия олицетворяющая	1
мы уже знаем	1
землевладельцев и ориентацией	1
недовольный военной политикой	1
ставились каждый раз	1
получается начальники мошенники	1
они жили раньше	1
отца ликона и	1
только иллюзорность средств	1
в идейной жизни	1
высоких материях не	1
или внешнюю политику	1
к природе оправдывающую	1
сельского населения тактикой	1
государства главное обвинение	1
так страшно и	1
г плутарх прямо	1
и кратин и	1
и олигархов потому	1
конфликты в лисистрате	1
яростные насмешки комедии	1
мнение о внешней	1
зиждительным силам природы	1
обрядовых функций между	1
твердом оселке лезвие	1
менее необычно чем	1
этапа к сожалению	1
театральные представления и	1
государства недавно нажившихся	1
пелопоннесской войны так	1
болтуном который размышляя	1
демагогов так и	1
залечивают раны так	1
кругах селян вполне	1
заключения мира афины	1
всей последней трети	1
из корней новообразованное	1
будущий коллега писандра	1
афин в далеком	1
авполида банты восстановить	1
немногим позже г	1
противникам и чаще	1
радикальной военной партии	1
нападкам комиков так	1
изображен в окружении	1
жанре нового времени	1
diod xiv paus	1
похвалу по адресу	1
не только их	1
луначарский всепобеждающую силу	1
печатное издание веницианца	1
исторических афин прежде	1
часть впоследствии к	1
эпизодам мы и	1
принадлежит к числу	1
нарушение традиционной моральной	1
софокловский царь эип	1
запрещение введенное в	1
новое время требует	1
трагедии в древней	1
жанра имевшего всенародное	1
выдвинутой идеи в	1
[строфа и антистрофа	1
насмешки направлялись против	1
оселке лезвие кинжала	1
которых кто-то ведет	1
критикой еврипида которому	1
кимона т.е немногим	1
это море отдашь	1
его деятельности преобладает	1
стены осуществляется слишком	1
судить по поэзии	1
силой ударила по	1
признать нельзя во-вторых	1
ставятся аристофановские облака	1
в споре трех	1
мир богатство и	1
γε πόρνων а	1
в круглых скобках	1
герой оставляет без	1
ареопага оплота аристократической	1
осмеяния и посрамления	1
гражданство ср также	1
афиняне потеряли около	1
слишком медленно фр	1
связанной с морем	1
политического влияния евпатридов	1
и завершающаяся и	1
однако ближе к	1
занимающиеся чужим делом	1
комедии тема золотого	1
под чужим именем	1
жизни своих граждан	1
честных земледельцев навсегда	1
интересны для современного	1
ни в малейшей	1
явление представляли σκώ^ψατα	1
влияния в греции	1
же беллерофонта вся	1
персов правда известная	1
новых идей и	1
появляется некий аристодем	1
подвергаемых в комедии	1
об исторической ограниченности	1
учителей мудрости которые	1
телеклида фр фриниха	1
обвиняет писандра в	1
в городах поднимается	1
заметное место в	1
активное участие в	1
аристофан в известном	1
комедии платона послы	1
против отдельных руководителей	1
теперь выясняется едва	1
комедию с трагедией	1
направления комедии общественно-политической	1
знающих законов государственного	1
в вступили на	1
свой суровый приговор	1
возможным отнести источник	1
современные ей жанры	1
противопоставляющий разорению военных	1
говорит что фесценнины	1
в птицах какие-то	1
страшной катастрофы года	1
комедиях аристофана они	1
с вводного предложения	1
cgf т i	1
этой же комедии	1
денежной системой с	1
лишь незадолго до	1
ли когда-нибудь повторившейся	1
уже одержала крупную	1
часто эти концовки	1
положительного идеала если	1
гроши которые он	1
как и вступительные	1
хостю взят из	1
была поставлена накануне	1
иной это достаточно	1
что именно с	1
голода и болезней	1
что комедия гордится	1
гораздо обильнее материал	1
это картина близко	1
герой в сопровождении	1
они восходят к	1
в применении к	1
σερίφιοι ок гг	1
забот сфере художественного	1
процессии возвращавшейся из	1
землевладельцев что возникла	1
как пародирование трагедии	1
три направления комедии	1
тактика эта своих	1
комедии σερίφιοι ок	1
i athen v	1
cratin fr для	1
неприязнь тоже имевшая	1
и бедность народ	1
имени спартанского царя	1
колесах эккиклема буквально	1
явная или скрытая	1
демократическая партия в	1
срамления но и	1
и оставляют в	1
своей среды руководящих	1
tpигей водворяют в	1
видели активно вмешавшейся	1
что он вовлек	1
и особенно их	1
известно ни одной	1
форме не боясь	1
обращена невидимому к	1
к ст птиц	1
царя ситалка ирония	1
из реально существовавших	1
богатые потому что	1
аспасия под видом	1
кратина гермиппа и	1
он понимал только	1
ни одного комика	1
олицетворяющая моральное вырождение	1
какие-то дополнительные атрибуты	1
почитали как богов	1
и других объясняется	1
триумф зя триумфом	1
фракийского царя ситалка	1
что исторический сократ	1
этим объясняется и	1
нельзя во-вторых и	1
песни κώμματα порицая	1
г как из	1
классической древности указывал	1
плодов не принесла	1
моральное вырождение аристократии	1
древнеаттической комедии нет	1
позицию аттического крестьянства	1
оседлав крылатого коня	1
комедии не дает	1
расходы на его	1
глубокая противоположность двух	1
добавим к этому	1
комедии периальг поставленной	1
очень призрачной об	1
стороны афин thuc	1
изложенному некоторый свет	1
сиракуз доставляют свиней	1
и потому именно	1
кончались крестьяне расходились	1
действие комедии происходило	1
жизнь была при	1
силу этого к	1
за свойственную ему	1
продолжение темы начатой	1
конечным результатом деятельности	1
nic iv ·	1
злы что в	1
периода v в	1
перикл не упрекается	1
названных здесь кутил	1
которой комическим поэтам	1
новизну н неожиданность	1
героев которые могут	1
от пародирования трагедии	1
причинах порождающих наивную	1
ней см ниже	1
не сохранившаяся до	1
одиннадцать комедии аристофана	1
песенных и разговорных	1
из бычьей кожи	1
агон выходит далеко	1
содержании своих комедий	1
то £ένος то	1
конца v века	1
агитацию против руководителя	1
стимулируется призывным гимном	1
и аналогичный по	1
те не примут	1
оба раза оставил	1
подвергается у комиков	1
рыба когда же	1
по он был	1
всего его творчества	1
вмешивался в отношения	1
достигает своего завершения	1
жанра который современная	1
теперь аристофан посвящает	1
комедии в чем	1
в гг две	1
и искусству красноречия	1
самих богов лучший	1
родос изюм и	1
браке с афродитой	1
и все птичье	1
доказать это однако	1
одного лишь года	1
нападок поэта во	1
после начала ее	1
в цитированных фрагментах	1
празднике фесмофорий апрель	1
установить кто является	1
справедливости с негодованием	1
остаться в городе	1
фр ферекрата фр	1
противоречивостью театральные представления	1
очень интересный вопрос	1
наступлением осени от	1
дано было только	1
ней событий в	1
дураках отсюда недоверие	1
же из чего	1
хотя и не	1
высмеиваются и с	1
либо картины блаженной	1
празднества каким были	1
наживающихся на чужой	1
в аристократических симпатиях	1
спартанцы в годы	1
первых места дальнейший	1
даются по-русски в	1
поверхность земли для	1
среди собратьев нашего	1
и торговлей и	1
было именно в	1
лицом самого демоса	1
этом празднике наконец	1
раздаются по адресу	1
весьма ограничены паросская	1
симпатией мы видели	1
из пролога всадников	1
оратор обученный мастерству	1
исчерпывала чисто логическое	1
для современного читателя	1
являлось неограниченным их	1
хочет птицы организующим	1
зрения должен был	1
союзников в эти	1
отчего же ты	1
благодарность в книге	1
или различия эстетических	1
хотя в большинстве	1
главный герой оставляет	1
случае сообщается как	1
весь ее характер	1
оставил в наследство	1
и давно скончавшимся	1
назад золото взяточников	1
άλλοτριογνώ^οι т е	1
себе самой? ни	1
основательно то оно	1
на евафла ρχτο>ρ	1
было привилегией богатых	1
aristoph vesp schol	1
за античными филологами	1
чаще хор просто	1
aristoph acharn и	1
богатства среди граждан	1
видно что аристотель	1
после смерти перикла	1
периклу состоит в	1
давно спорят о	1
dell'arte или новогреческий	1
там же птичья	1
мы встречаем с	1
против руководителя афинского	1
малейшего намека на	1
утратят спою отвлеченность	1
ii ed lipsiae	1
сократа и имел	1
поэтому и в	1
только таких случаев	1
к эпохе фемистокла	1
платон фр и	1
под этим надо	1
обходится здесь и	1
основных государства континентальной	1
и эремб из	1
себе к тому	1
акестор которого они	1
лягушек собрание цитат	1
практически он может	1
раз в жизни	1
авторов о которых	1
называют нищим болтуном	1
афин взносы союзников	1
социальной направленности отступила	1
вызывает сомнений что	1
процедура народного собрания	1
περί χοψωδιας ему	1
богомолки горшок с	1
в стремлении обезопасить	1
мира неотъемлемо связана	1
комедиям признавали фильдинг	1
оригиналу сокращение ст	1
ничуть не противоречит	1
отвергаются дешевые балаганные	1
греции и пока	1
лучниках и всем	1
и свиды форр-ьит	1
устойчивости антиплутократической темы	1
и и метаген	1
вокруг центральной оси	1
протяжении всего его	1
и поэтов торговцев	1
решительных мер для	1
логическое содержание спора	1
хор просто побуждал	1
демократия стремилась обеспечить	1
гейне ромен роллан	1
том что всего	1
общественно-политическом устройстве и	1
неограниченным их было	1
сведения у прокла	1
а результаты определяло	1
гермеса-попрошайку из богатства	1
политическая коалиция между	1
завершение в известном	1
кто-то заклинает мильтиада	1
аспасии как παλλακην	1
на метр помост	1
конкретным объектом нападок	1
который обвиняется в	1
грубая лесть которыми	1
мифологических персонажей или	1
чужеземцев негодные люди	1
vii ст версия	1
греко-российских связей и	1
он испытывал огорчение	1
панцирей а также	1
спартанцев многие распевали	1
раздававшиеся на этом	1
настаивают на ее	1
убеждений и поступков	1
от жизнеутверждающей вольности	1
именем демагога сиракусия	1
самые разнообразные потоки	1
некоторые проблемы занимают	1
и пространстве? как	1
но прежде всего	1
яркий пример такого	1
что им приходилось	1
также выпады эвполида	1
даже если аристофановский	1
умер попытаемся теперь	1
же как мы	1
неприемлемые условия вы-то	1
же году событие	1
упоминавшаяся парабаса прямое	1
применил к периклу	1
конечно комедии среди	1
доступны см [	1
дошли вскоре после	1
различных животных или	1
интересами крестьянства таким	1
с глаголом означавшим	1
и эта надежда	1
своим именем предварительное	1
и притесняет знатных?	1
почти неизвестна каково	1
здесь из трех	1
фр кто-то заклинает	1
кратина и во	1
авторов сокращенное написание	1
себе на государственных	1
комедию с сельским	1
чьей стороне находились	1
афинский демос от	1
отсюда же в	1
каллия автолику победителю	1
человек михаил юрьевич	1
широкому кругу гуманистов	1
но произносишь страшные	1
лиц и т	1
афинского государства между	1
афинах резко менявшаяся	1
аристофана для массового	1
свои дела видимо	1
демократическому строю реrid	1
которой была уже	1
побежденного в изображении	1
конечно самым ярким	1
такого рода которого	1
к индивидуализации образов	1
командовать в государстве	1
театра v века	1
сообщения аристотеля и	1
во й половине	1
и различии комедийного	1
фотий ссылаясь на	1
демократии не удалось	1
на нем актеры	1
неопределенным временам или	1
неизменным восхищением cratin	1
также протагор играющий	1
в комедии обвинений	1
появляются булочницы"-гермиппа и	1
более неприемлемые условия	1
происхождении комедии исполнители	1
полным разгромом и	1
гипербола как σο,πρά	1
примерно в тридцать	1
возникла легенда будто	1
прямо направленную против	1
функции бомолоха достаются	1
мудрости которые главное	1
кокал и эолосикон	1
в отличие от	1
в их истории	1
непривычность ее внешней	1
землю как спартанцы	1
комедия ахарияне в	1
неоднократно исходили попытки	1
komodie см []	1
и его-смерть от	1
огня чужими руками	1
в течение всей	1
со стороны комиков	1
когда же гepoй	1
уничтожающей критике занимает	1
врага демократии thuc	1
всего не новое	1
спартанцев в аттику	1
κορ-ψός изощренный который	1
между тем не	1
троянской войны кратин	1
настоящем трехтомнике в	1
сторон этой цели	1
своей земли селян	1
той характеристики которая	1
аристид олицетворение честности	1
антэпиррема комедии это	1
двух умерших поэтов	1
опять же сближает	1
современная наука вслед	1
и фрагменты других	1
по-видимому разоблачение разбогатевших	1
обработку в трагедии	1
в города poet	1
тяжелой участи союзников	1
евполидом при написании	1
ясна глубокая противоположность	1
начала ее в	1
это богатство языка	1
литературной комедии то	1
запрятана богиня мира	1
что комедия была	1
основание видеть зародыш	1
происходят постоянные социальные	1
войны которое вызвало	1
выносил свой суровый	1
комических партиях в	1
павсания аристотеля polit	1
из его сорока	1
и фриниха объясняли	1
при написании комедии	1
особенно §§ ту	1
из своей среды	1
комедии с большой	1
тема золотого века	1
потому именно на	1
миндаль финикия доставляет	1
образом комедия выступает	1
ориентации на его	1
в фаллических песнях	1
афин принимает участие	1
на политических деятелей	1
как будто основание	1
заодно видимо и	1
е скороговорка стрепсиада	1
сила plato fr	1
в поддержке большинства	1
реальная жизнь и	1
αισχροί нажившиеся за	1
гармостов и его-смерть	1
от хозяина от	1
современники отзывались с	1
подешевела соленая рыба	1
способах и методах	1
в общем потоке	1
даже в города	1
г комедия получает	1
получившей доступ на	1
когда хлебом играли	1
поэтике о претензиях	1
члена чрезвычайной комиссии	1
сделать заключение что	1
наталкивается на сопротивление	1
женщины в народном	1
которые представлялись ему	1
области греко-российских связей	1
в противоположность алчности	1
союзникам скорее наоборот	1
грамматиков настойчиво связывают	1
продержалась в афинах	1
позже г содержался	1
агон восходил к	1
pap i recto	1
событие совершенно исключительное	1
литературной критики сатирическое	1
как это ясно	1
ксенофобией и сознательной	1
во фрагменте некий	1
отделяется отсылка к	1
афинах толшько во	1
зрения сочинений древнегреческих	1
он становится свидетелем	1
государством руководил солон	1
в морском бою	1
для решения самых	1
парцеллярных земельных участков	1
подносит хозяину подушечку	1
нельзя не заметить	1
не только писфетер	1
чисто логическое содержание	1
длительное время не	1
безнравственное поведение молодого	1
можем рассматривать древнюю	1
прекратил расхищение золота	1
он вовлек афины	1
врeмени aристофана социальная	1
точкой от следующего	1
которому ведет несовместимость	1
все конфликты в	1
комедии к политическим	1
болтовни торжественность пророчеств	1
самый разгар деятельности	1
вызвать у читателя	1
темы в древней	1
европы медеи сирен	1
которые между и	1
примерно с до	1
всадники г где	1
острые противоречия между	1
комедии гермиппа φορμ.οφόροι	1
трагедии еврипида о	1
бегут из опостылевшего	1
приправы к ней	1
этих элементов и	1
слова кратина обращены	1
частей обозначающих всевозможную	1
иллюзорным чем когда	1
конфликта вырастают из	1
в целом taкой	1
и самим богам	1
руководителей этой прослойки	1
программе давно умершего	1
трижды повторенным во	1
сатире аристофана в	1
же конкретность аргументации	1
σφυροΐν ελκοντα την	1
первоначальную связь комических	1
по поводу утраченного	1
судить об отношении	1
слова состоящих из	1
за пять семь	1
аристофана становится возможным	1
первым из аттических	1
комиссии созданной по	1
были из лучших	1
евполид вывел на	1
представление как об	1
выступление фаллофоров входившее	1
наконец после того	1
птиц называемых подряд	1
государства нередко в	1
фр чем видимо	1
не удалось унифицировать	1
πονηρός plato fr	1
общественно политическая обстановка	1
аспасии к этому	1
x-xi веков до	1
и другие богатые	1
в самых общих	1
с семьей на	1
временам вероятно к	1
о которой упоминает	1
мирно почивает карион	1
говядина из сиракуз	1
и еще в	1
кругу гуманистов а	1
являлись непременной частью	1
а левкон в	1
преступников фр полизел	1
характеризовал мать гипербола	1
пестрые подушки не	1
даже как-то не	1
установление мира отождествляется	1
своему происхождению комедийный	1
иконоборчество раннего средвековья	1
особенно важно наряду	1
за корыстолюбие εις	1
равнодушной к этим	1
первые в комедии	1
пародируется содержание образы	1
современных афин также	1
усмотрению фр в	1
eupol fr в	1
и давнишнего врага	1
такова в частности	1
и никакой оценки	1
в оригинале это	1
и определенная структурная	1
характеризует евполид демагога	1
острее становились противоречия	1
из отрывков речь	1
пеан пародируются составленные	1
предсказаний периклу победу	1
характерно при этом	1
и в сообщениях	1
как cantica agrestia	1
именно на эту	1
с новой силой	1
были особенно близки	1
более иллюзорным чем	1
состязание между несколькими	1
и даже главным	1
должностных лиц вполне	1
eupol.l.fr hermip fr	1
время и для	1
как раз на	1
двух фрагментов телеклида	1
крестьянскому были особенно	1
должны были неизбежно	1
аристотеля и афинея	1
запрещались личные нападки	1
всей древнегреческой цивили	1
третьи всплывают только	1
мой веселый друг	1
остроту обличения присущую	1
демагогам о сл	1
особенно известен леагор	1
участием различных персонажей	1
тысячи лет отделяющие	1
сказал что ответить	1
пританы и более	1
их чувственно осязаемым	1
с традиционными зрелищными	1
нет отношение комедии	1
также и платон	1
не находим в	1
возглавлявшего афинскую политику	1
архилохи во главе	1
захарова которой я	1
и платон фр	1
свержения писистратидов реформы	1
и незначительной прослойки	1
и не занимать	1
т д часто	1
сицилийской экспедиции ни	1
необходимо военные корабли	1
ελκοντα την στρατηγίαν	1
возвращение его поэзии	1
осторожно подходить к	1
торговля выделением богатой	1
снижение стиля вообще	1
от середины х	1
сирии благовония прекрасный	1
афинах театральным делом	1
неотъемлемо связана в	1
метаген фр демагога	1
стоял его предводитель	1
толстого и видят	1
συκοφάντης и των	1
стихов или таких	1
руками проявляли назойливость	1
готовым ради своей	1
одной из сторон	1
агоне см ниже	1
мусическому искусству сократа	1
трудностей афинская демократия	1
же цель ставили	1
и особенно в	1
мы найдем во	1
парижского рынка или	1
ее поведению и	1
что только часть	1
представляет себе возникновение	1
к первому десятилетию	1
папирусный отрывок комедии	1
ухитрился украсть кубок	1
возрождения афинского демоса	1
оставалась недоступной но	1
к аристократии противоречит	1
аристофан неизменно противопоставлял	1
и возвращение его	1
жалобы на современных	1
кратина и евполида	1
в работу античных	1
из египта корабельные	1
стесихора пиндара и	1
поскольку этим большинством	1
запертые на внутреннем	1
упадок общественной и	1
его от заветов	1
достаточно сказать что	1
к чистоте аттического	1
с человеком крайне	1
назвали рифмой но	1
всему сказанному об	1
комедии можно извлечь	1
и метаген фр	1
ты скрежещешь зубами	1
из дошедших до	1
целый ряд источников	1
из них mир	1
делегацию богов отправленных	1
известного представителя радикальной	1
тем как гибнут	1
наиболее активных в	1
особенно в лягушках	1
интересы сельских землевладельцев	1
неосуществимое дает ли	1
относят ее зарождение	1
новое время незамеченными	1
царства титанов живших	1
в окружении льстецов	1
за ними образованным	1
богатство социальные признаки	1
и для комедии	1
относительность нравственных норм	1
всегда совпадает с	1
лакедемона впрочем несмотря	1
так известно что	1
раба из пролога	1
эти концовки подкрепляются	1
спартанцев выставляли все	1
захватывает такой прием	1
поступала на вооружение	1
концов отдает ему	1
варваров разрушение памятников	1
об отношении комиков	1
передней стене центральную	1
высмеивают как обжору	1
флотоводец формион претерпевающий	1
насмешки оказались люди	1
справедливость нового порядка	1
области аттика в	1
отнести к категории	1
обильного урожая элемент	1
такой ликург и	1
какое-то лицо к	1
или диалог с	1
или главе если	1
на прилагаемый к	1
неведомых диких племен	1
корыстолюбию первых фр	1
угрозой их бесхитростному	1
обличительная комедия не	1
соленая рыба когда	1
адресу пердикки ii	1
новую неожиданную идею	1
цитирует комедии в	1
автором в зависимости	1
то многие сотни	1
здесь кутил особенно	1
таксиархи в которой	1
и обычных людей	1
согласно которой комическим	1
griechische komodie dusseldorf-zurich	1
торговца колбасами и	1
всадники таким образом	1
советует изъять имя	1
и на его	1
также schol ad	1
жертвы для отвращения	1
рабле расин гейне	1
горожанина бегут из	1
пророчеств и подражание	1
требовался кворум в	1
начинающегося кризиса афинской	1
состав зрителей на	1
тяжелое внешнее и	1
казалось бы от	1
фрагменте некий писец	1
большого художника как	1
спартанцами сторонник олигархии	1
обозначающих всевозможную снедь	1
языческой культуры и	1
и изложен стихами	1
судя по глаголу	1
автор обращается к	1
потребностей сюжета во	1
служит для евполида	1
о содержании которой	1
морским могуществом афин	1
в сознании аристофана	1
с половиной тысячи	1
управлении государством и	1
и можно только	1
tpигей и естественное	1
применении к периклу	1
гения безумно любившего	1
впоследствии неустрашимость перед	1
между софистами и	1
раз новые комедии	1
свои основания это	1
стороне находились симпатии	1
πένητες а их	1
входят также протагор	1
людьми и богами	1
явных противоречий его	1
полет тригея на	1
происходящего между еврипидом	1
афин не прекращаются	1
вместе отдельные его	1
необходимость его устранения	1
видом зевса аспасия	1
молодежь стремится командовать	1
еще девять пьес	1
ожидающие победителя радости	1
птиц или лягушечьему	1
дионисий и ленеев	1
которыми прикрывается алчность	1
обращены следующие слова	1
государственное оформление трагедии	1
о других представителях	1
ясно что мотивы	1
это обычная в	1
к периклу кратиновский	1
в исходе спора	1
не в свои	1
хронологически делятся на	1
соединяя вместе отдельные	1
греции a у	1
художественных вкусов аттического	1
крестьян женщин и	1
богатстве отсюда к	1
состязание умерших поэтов	1
рождений богов афины	1
на недошедшие трагедии	1
кратин метил непосредственно	1
заточении у ненавистного	1
использовали распространенные мотивы	1
последнего периода его	1
наиболее яркого представителя	1
а в призрачности	1
к сфере уже	1
согласуется и евполида	1
племен обитателей подземного	1
война с огромной	1
площадку заполнял хор	1
стихией к которой	1
охватывающий многие стороны	1
исследователи античной культуры	1
до позднего вечера	1
предсказывающие его падение	1
была государством в	1
случая слово здесь	1
купцов послужила средством	1
чужим именем опасаясь	1
других авторов с	1
него средства надувать	1
рабов из аркадии	1
фаллических песен которые	1
когда двусмысленное поведение	1
же сократ распевая	1
лидеров демократии и	1
взаимное недоверие и	1
же парная симметрии	1
аттическая комедия нам	1
изобретением ссылаясь на	1
даже в моменты	1
что? близок к	1
всадники и опять	1
изображавшая внутренность дома	1
миру исходившим от	1
трагиков эсхил софокл	1
какой-то грозивший ему	1
аттики земледельцы покидали	1
благосостояние земледельцев если	1
тиранов plut lys	1
подробности истории древних	1
о мифологическом герое	1
ему предпочтение перед	1
мертвецов вероятно аристид	1
граждан софистическая премудрость	1
растрепанного и нищего	1
эстетики и литературной	1
парадоксальный поворот судьбы	1
впечатление не говоря	1
аристофану действительности к	1
зевса аспасия под	1
во всадниках аристофан	1
призрачной об этом	1
нападал на известного	1
пользуются его бессовестные	1
п л ритуальные	1
клеона с аргосом	1
пьяном кружка мой	1
демократии так наметилось	1
конечно лишившихся своей	1
и спарта лакедемон	1
делая различия между	1
войны не принесло	1
аристофана был справный	1
всю предшествующую ему	1
у некоего пифия	1
же комедии наш	1
античном понимании слова	1
только осознанная утопия	1
его образцу построена	1
обстояло значительно сложнее	1
могут быть отнесены	1
каллий был изображен	1
зачатое от него	1
стихов эсхила и	1
слоев рабовладельческой демократии	1
счел возможным отнести	1
олигархической конституции негодование	1
же дело доходит	1
к мобилизации всех	1
своей функции положительным	1
низкими средствами но	1
золотого века к	1
обжору развратника льстеца	1
известно что против	1
в осах в	1
происхождению комедийный агон	1
землю из подземного	1
характер поэт называет	1
комедии iv в	1
предположить что они	1
представителей мира мифов	1
тому дионис в	1
рифмой но античное	1
первоначально боги обильного	1
идет о том	1
в трусости раздаются	1
неохотно с тяжелым	1
соперника победа в	1
и восходят к	1
жили по своим	1
хозяин противопоставляющий разорению	1
эльпинике особый и	1
обсценные заклинания но	1
такими типами народного	1
тем брать дорогостоящие	1
конечно производит комическое	1
автолик являлся фигурой	1
делает разницы между	1
с олигархами однако	1
комедией козы в	1
ясна в образе	1
афинян несчастье родного	1
представителя радикальной демократии	1
особенность театральных представлений	1
и по адресу	1
еда растет на	1
двусмысленности научная литература	1
евполид выступает с	1
положительного героя или	1
адониса вакханок европы	1
составляли два по-видимому	1
такой же неизменностью	1
даются в русской	1
фрагмент метагена обвинение	1
ее новизну н	1
народ на рискованные	1
и внутреннее положение	1
шириной около ти	1
и и толстой	1
вооружение недобросовестных ораторов	1
фр против одного	1
положил конец бессмысленному	1
афинах еще около	1
понятием πονηρός plato	1
и агоне см	1
и особенно кариона	1
лет раньше демов	1
была при фемистокле	1
взяточничестве по адресу	1
необразованностью когда же	1
обращения вызывает сомнение	1
lysist и schol	1
именем предварительное состязание	1
современных стратегов которым	1
участия в управлении	1
демагогам в комедиях	1
в подземное царство	1
спора происходящего между	1
в комедии периальг	1
указывает сам диомед	1
строя самый яркий	1
маске сократа сразу	1
между афинами и	1
их части и	1
скажем вполне уважаемый	1
в фрагментах древней	1
свое превосходство над	1
народа это убеждение	1
по имени афинскому	1
древней комедии очень	1
их к блестящему	1
нажившихся за счет	1
бедам спартанцы заняли	1
тяжелый взгляд сопровождаемый	1
совершенно ясна в	1
иллюзорных решении присущих	1
на перикла а	1
упоминает во всадниках	1
и корыстолюбие казнокрадство	1
войны евполид вывел	1
сложились иначе в	1
комедия евполида таксиархи	1
жизни к незатейливому	1
участием персонажей бытового	1
сократ был одним	1
что музы в	1
о браке с	1
стиха почти целиком	1
поверку очень призрачной	1
простой козопас или	1
высокой цели низкими	1
о сусарионе первом	1
враждебности кратина гермиппа	1
фракийского племени саков	1
дома и святыни	1
премию к году	1
военизированное государство со	1
продику или проному	1
явно перекликается с	1
опирались хозяева рабовладельческих	1
античной комедии от	1
гротескной форме не	1
славы колбасник в	1
характеристику демострата одного	1
послужила средством обогащения	1
своими милостями честных	1
великих греческих трагиков	1
устами древней комедии	1
же когда были	1
но и фрагменты	1
теме золотого века	1
италии пшеничная крупа	1
фукидид в особенности	1
дословно переписан в	1
в г под	1
направлены против стяжателей	1
дионисии когда в	1
с меньшим числом	1
смертное учил в	1
ее неповторимости невоспроизводимости	1
попутно вспоминали и	1
исчезают персональные нападки	1
а были просто	1
эпохе фемистокла имеет	1
комедии"? есть по	1
олицетворение честности и	1
сорок лет его	1
том ясна глубокая	1
в истории мировой	1
население пережили за	1
аттической комедии сказочной	1
φαλλικά наконец едва	1
и скептическое отношение	1
на его же	1
невозможно гораздо обильнее	1
в себе самой?	1
но в любом	1
от детален к	1
чувствует свое превосходство	1
право на такую	1
сравнительно недолго другие	1
человек такого рода	1
в г продержалось	1
участник древнегреческой драмы	1
на нем олимпа	1
и право на	1
одному от каждой	1
из нескольких его	1
одних за счет	1
чтобы не сказать	1
изложение истории сицилийской	1
у бедного селянина	1
он действует в	1
отражение в комедии	1
честный но бедный	1
в моменты наивысшего	1
интересам аттических земледельцев	1
из них кратина	1
то были готовы	1
сомнение о принадлежности	1
парабасе и агоне	1
plato fr исключение	1
представляется ему не	1
комедии евполид ставит	1
что отец гагнона	1
фрагментам относительно которых	1
относится насмешливое обращение	1
были изменить свой	1
и перикл прибывают	1
между всадниками и	1
против демагогов так	1
этому фрагменты и	1
каждое со своим	1
получает за посещение	1
повторились черные дни	1
ряд моментов исключительно	1
δη βασιλεύς κρόνος	1
сюжет трагедии еврипида	1
на его обучение	1
кариона на сцене	1
во фрагментах кратина	1
на всю ее	1
политических деятелей из	1
марафонскую победу фр	1
пьес эсхила примерно	1
нем олимпа и	1
если никто не	1
из числительных обозначающих	1
софистов поэтому и	1
для обмана и	1
начинают разорять троянскую	1
исключительно важных для	1
определить невозможно гораздо	1
зации и источником	1
на сцене афинского	1
των άπραγρ.όνων γε	1
в отрыве от	1
эту часть пьесы	1
образование было привилегией	1
же окончание внутри	1
свержения в начале	1
plut lys таким	1
названная по имени	1
едва ли основательные	1
сюжетом комедии отсюда	1
трагедией таким божеством	1
конец v начало	1
премудрость с ее	1
общественно-политических вопросов осмеивали	1
никаких нападок на	1
и утратят спою	1
отчасти подтверждается и	1
хотя и представляет	1
прологе и доводила	1
в котором немалое	1
имя марикант которым	1
политическом отношении жанров	1
ограниченности афинской демократии	1
комедии ферекрата αυτόμολοι	1
тщись быть зевсом	1
он навлек на	1
недовольство в широких	1
кинжала ты скрежещешь	1
хотя термин этот	1
и эстетической программе	1
войны вторжение спартанцев	1
евполид ставит на	1
полизел высмеивал его	1
и говядина из	1
вся вторая половина	1
с тоской и	1
поэта во фрагменте	1
романа с престарелой	1
использованы также трактаты	1
самого смелого и	1
ее полного развенчания	1
и в римских	1
афинского государства главное	1
представителях аристократии так	1
континентальной греции афины	1
инфинитивных окончания л	1
к началу глубокого	1
ферекрата причем афиней	1
и всем флоте	1
эстетические законы по	1
одна из функций	1
место среди персонажей	1
крестьянским по содержанию	1
он был человеком	1
сообщений анонимных трактатов	1
разнообразные потоки речи	1
на пиры у	1
эстетических принципов и	1
о нем сообщает	1
поддерживалось абсолютным несходством	1
обнаруженного в одном	1
в свою сферу	1
найдя свое завершение	1
из схолия к	1
обстоятельство в значительной	1
комедию марикант прямо	1
комедии идет по	1
проникновенные слова о	1
попыток примирения исходивших	1
крушение античной цивилизации	1
юности когда государством	1
года в истории	1
нового времени изучение	1
войны искусным ораторам	1
не обходится здесь	1
богов отправленных зевсом	1
которые пришли на	1
ни одной целой	1
афинского демоса выкрадывают	1
из девяти высших	1
простого человека в	1
за несколько месяцев	1
фр см также	1
что против писандра	1
никогда больше на	1
в гг и	1
чаше всего повествовательного	1
фрагменте поэт называет	1
великие законодатели и	1
в афинах кутежами	1
на основании которого	1
oxford/new york сборник	1
немесидой так якобы	1
ока неприступная стена	1
попытался ее переделать	1
гелиэю для судебного	1
в критике и	1
сфере художественного мышления	1
первую очередь конечно	1
одна двенадцатая а	1
лидерам демократии демагогам	1
еврипида высмеиваемых эсхилом	1
крестьянским жанром и	1
ритма бессоюзие асиндетон	1
клеона ему принадлежала	1
iii и schol	1
языка представляется столь	1
ν фр все	1
текут молочные реки	1
следствием общественных противоречии	1
следует рассмотреть нападки	1
захватила реакционная группировка	1
в κοινόν δημόσιον	1
другой стороны при	1
прибегают к совершенно	1
еще вчера не	1
хотели иметь успех	1
еврипида и судя	1
видят предки афинян	1
аттических комиков который	1
лестью необразованностью когда	1
же время когда	1
герои с блеском	1
обрядом стали использоваться	1
евполид демагога архедема	1
только подкрепить примерами	1
свою партию обсуждению	1
распевали насмешливые песни	1
вполне понятно современному	1
века к эпохе	1
игравшие на нем	1
фр ср aristoph	1
комедийный хор мог	1
судить по фрагментам	1
шесть тысяч голосов	1
пытался протащить в	1
любимейших способов организации	1
мало заботясь о	1
одной стороны те	1
подняться на олимп	1
по случайному совпадению	1
кимона божественного и	1
грубияном наподобие аристофановского	1
противоречия между интересами	1
афинах кутежами и	1
и пьянящие винные	1
раньше говорит он	1
эванфия de tabulai	1
так и комедии	1
из своих трактатов	1
их благодетельного вмешательства	1
привилегией богатых людей	1
воли и притесняет	1
цели они призывают	1
трагических тетралогий всегда	1
vi в мы	1
в городе на	1
доверял ему и	1
в птицах обожествляется	1
munchen etc s	1
названному по имени	1
эту же цель	1
хорошего жеребца огромного	1
евполида создав таким	1
священный брак служит	1
всяким послам прокучивающим	1
стремится командовать в	1
предписывает найти еще	1
д только на	1
лакедемоняне стены у	1
трех-четырех а то	1
под видом наглого	1
и сознательной замкнутостью	1
мира и гермеса-попрошайку	1
спора и иногда	1
etymologicon magnum и	1
в политической жизни	1
древней комедии неоспорима	1
фр разумеется все	1
воистину неповторимым явлением	1
или от κώ(λη	1
комедиях написанных до	1
вывозе своих изделий	1
принадлежал к демократической	1
пытается не вернуться	1
платона в писандре	1
собирательный образ некоего	1
канаты отваливают тяжелый	1
мегарская комедия и	1
новую комедию и	1
течение всего vi	1
в как трагедии	1
происхождение нового pаба	1
чувством нового и	1
папирусных фрагментов опубликованных	1
комедии не щадившей	1
далеких времен или	1
тому что четверо	1
и способ которым	1
ему поручение в	1
публикой известно что	1
сообщает схолий к	1
целое группируя материал	1
каллия олицетворяющая моральное	1
стейрия служил носильщиком	1
былые дни ст	1
жанру уже античная	1
здесь ни изложение	1
всемогущего демагога встречаем	1
полном составе как	1
его обработку в	1
и вот великие	1
изложение содержания комедии	1
можно на мой	1
каждом виде состязания	1
кратин упрекает перикла	1
также что πλούτοι	1
и разговорная сценка	1
отдельные его стихи	1
причине что они	1
понукания посылает афинянам	1
для своего выражения	1
такого рода художественный	1
как огонь теперь	1
позиций перешла например	1
в казнокрадстве корыстолюбии	1
одной из воюющих	1
между фаллическими песнями	1
исторически обусловленных противоречии	1
же очевидна для	1
дело приходилось пускать	1
очень осторожно подходить	1
клеофонта и других	1
себя самые разнообразные	1
озлобленнее должны были	1
март г в	1
комедия остается на	1
демократического строя эти	1
проведя после свержения	1
громадному большинству простых	1
i с так	1
как человека искони	1
комедии соответствует и	1
религиозных культов нападки	1
обрядам и праздникам	1
von die romische	1
них отцовскими искони	1
в ходе пелопоннесской	1
позиции враждующих сторон	1
в г основатель	1
вторая строка этого	1
трагедии могли остаться	1
возможным но известно	1
демагогов особое место	1
где текут молочные	1
комиков мы найдем	1
отрицательные явления неизбежно	1
человека во всех	1
друзья обвинялись в	1
колотушки комический страх	1
и осознание этой	1
плутарха что по	1
слово образовано из	1
предпочтение перед еврипидом	1
гермиппа эвполида платона	1
стихов везде по	1
представляет собой явное	1
афинскую коалицию не	1
что иной афинянин	1
независимо от них	1
папирусов совершенно очевидно	1
творчества постоянный способ	1
вкусов аттического крестьянства	1
политический характер поэт	1
у народа ттауоируо	1
для развития и	1
разбавляют водой вино	1
как реагировала плутократическая	1
малейшего желания делиться	1
вмешательства художника эти	1
таким образом положительный	1
цивилизации и набеги	1
в комедии города	1
основ демократического строя	1
пролога всадников и	1
в данном случае	1
подушки не обходится	1
наглядностью выступают при	1
утопических картин былого	1
говорить и использующий	1
таким образом рассмотрение	1
говорить не в	1
тому же не	1
палестрах фр см	1
юге на пелопоннесском	1
комедии εύνεΐδαι о	1
который был раньше	1
первое место означало	1
стороны клеон и	1
себя сепаратный мир	1
блеском используют подобное	1
в совершенно определенном	1
нынешнего фаворита нахальством	1
демагога сиракусия о	1
разумеется все остальные	1
руководители с другой	1
блистая как огонь	1
но мегарской демократии	1
поставил под чужим	1
диалектика поступала на	1
голова шла кругом	1
его себе в	1
предварительное состязание не	1
же время наделен	1
афин укрепления демократического	1
разгневанного алкивиада cgf	1
параситы именно потому	1
взносы союзников украшение	1
две другие комедии	1
законами напротив она	1
направленную как раз	1
и еще какое-то	1
земледелец не сведущий	1
подчеркивается бескорыстие последних	1
представителя целого жанра	1
бога трибалла каждый	1
комиков трагический поэт	1
положительным героем призванным	1
iv в эпикрата	1
не встречаем мы	1
мира находится в	1
изображался сумасбродным тираном	1
того что нет	1
ясно что только	1
ed oxford readings	1
обуздать вольность комедии	1
на оформление сцены	1
знает кто такой	1
мысли будут притянуты	1
самом циничном и	1
выдвигавшие из своей	1
высказывал свое мнение	1
лягушки афинский бедняк	1
в последних особенно	1
ту же конкретность	1
cov по раза	1
и с негодованием	1
великих панафинеях г	1
редактора отобравшего одиннадцать	1
а фриних фр	1
шла кругом и	1
пьесу лягушки г	1
приурочение заманчивых картин	1
в демах обвиняет	1
против казнокрадов запускающий	1
взят из числительных	1
xxvii речь направленную	1
фр к первому	1
жизни афинских горожан	1
а в другом	1
в комедии деметрия	1
трагические поэты ахей	1
ее натурфилософскими грамматическими	1
заметной личностью в	1
деревенским обрядам и	1
и употребительность образа	1
лягушках выступающий в	1
люди из его	1
мы просо вытопчем	1
фр ср eupol	1
времена своей юности	1
его комедий принципы	1
и сведением самых	1
отрывков речь идет	1
ни изображал хор	1
словесное искусство для	1
№ по стилистическим	1
дионисии и ленеи	1
по жанру уже	1
да и сам	1
обмана и одурачивания	1
это явные выпады	1
насколько справедлива богатеют	1
обстоятельства сложились иначе	1
война мирно справляет	1
вовсе не означает	1
из многочисленных свидетельств	1
прокла по той	1
облаках носимых ветром	1
многочисленным фрагментам так	1
наиболее яркий материал	1
собой и все	1
не один раз	1
быть использованы также	1
некоторый свет на	1
перед лицом спартанских	1
конца обучавшего мусическому	1
своим отличием от	1
г можно судить	1
комедия кратина всевидящие	1
принято считать кратина	1
культов нападки евполида	1
факты свидетельством заимствования	1
неизвестно кем и	1
в результате войн	1
были мало или	1
афин также подвергаются	1
и и комедии	1
в квадратных скобках	1
независимых полисов городов-государств	1
для государства недавно	1
подземное царство чтобы	1
лица в отличие	1
ромен роллан и	1
противоположность двух поэтов	1
жизнь предающихся обжорству	1
нынешним временам легендарной	1
в девичьем гимне	1
состоянии передать весь	1
в комедиях и	1
насмешливое обращение гермиппа	1
он совершает над	1
наивного гражданина совершенно	1
свойственных этой роли	1
как составная часть	1
в и своим	1
богатырская палица упоминаемая	1
время от времени	1
δγμου на него	1
на вооружение недобросовестных	1
с величайшей симпатией	1
творческий путь описанная	1
реакционным социальным группировкам	1
аристофановское богатство время	1
свою полную зависимость	1
переклички а мы	1
аттического крестьянства испытывавшего	1
его герои с	1
доступ к целому	1
совпадающие по времени	1
отличающуюся от искусства	1
называемая архидамова война	1
под сомнением оказывается	1
однако еще не	1
этих весьма своеобразных	1
войны из числа	1
примеров может быть	1
беспардонной лестью необразованностью	1
так в ахарнянах	1
время как один	1
содержанию обличительным см	1
слышится и жалоба	1
евполид да и	1
и антэпиррема произносимыми	1
ρέ^? ν фр	1
со своим народным	1
своим хозяйством неохотно	1
подвешенном выcoкo над	1
богини бедности откуда	1
аристофана обобщенный художественный	1
и содержащей обвинения	1
украсть кубок чем	1
перикла в развязывании	1
свойств натуры демагога	1
расцвета афинского государства	1
состязание не сохранилась	1
его к социальному	1
по поводу того	1
других объясняется следовательно	1
это убеждение заставляет	1
и щиты из	1
сельского населения и	1
выступающий в роли	1
cвоей новизной средствам	1
месят глину ласточки	1
приходилось отныне выслушивать	1
крестьянства в отражении	1
фрагментам и дополняемым	1
и встретившись с	1
естественно отразивший настроения	1
довоенного периода именно	1
сил стареющего драматурга	1
представляют довольно обильный	1
нам нападок на	1
верхушка пользуясь поддержкой	1
одного из них	1
трагедий еврипида а	1
указывал маркс наиболее	1
до последних пьес	1
протагор играющий роль	1
крестьян вернулась к	1
их старинной государственной	1
откровенно намекавшем на	1
кто-то из воскресших	1
афинян войну о	1
известном месте лягушек	1
аристофан сократа и	1
речь в настоящем	1
других комиков представляют	1
афинское гражданство ср	1
вид а как	1
естественно победу второе	1
несчастье родного города?	1
και πασι πόρνη	1
выступления комедии не	1
дошли до нас	1
об античной комедии	1
которая потрудилась в	1
имевшая свои объективные	1
парцеллярной собственности крестьян	1
господство на море	1
других государств правом	1
две сохранившиеся комедии	1
гермиппа наряду с	1
троянского царевича александра	1
все это явные	1
od iv или	1
материализации достигается чрезвычайно	1
бессоюзием спуститься на	1
рабов рабы пользовались	1
бы только один	1
импровизаций в города	1
в свои дела	1
и своим собственным	1
достаточно распространен в	1
сцен стала проникать	1
сообщений свидетельствует что	1
само собой ср	1
максимальные возможности для	1
в некоем множестве	1
огромной силой ударила	1
философии красноречия невозможных	1
обвинения в низком	1
перикла расцвет литературы	1
были целиком посвящены	1
противоречит как будто	1
позорили своими пороками	1
олимп представляет собой	1
с сюжетом комедии	1
с негодованием отвергаются	1
гробнице фемистокла находящейся	1
были конечно комедии	1
и платона фр	1
теперь их геpoeм	1
низком происхождения фр	1
комедия амипсия или	1
того как гипербол	1
лет его творчества	1
из аттики в	1
гермипп противопоставляя осторожную	1
обогащения комедия отражает	1
τοχαλάζων πονηρός συκοφάντης	1
и независимо от	1
к управлению государством	1
в отношении того	1
полубожественной жатве спутнице	1
может ждать порки	1
период войны приходится	1
чужеземцам свидетельствует об	1
и склонна была	1
на перикла клеона	1
созданных расином и	1
довольно красноречивое высказывание	1
выступает с комедией	1
всем что даровано	1
нет аналогий в	1
ответом именно на	1
с периклом носила	1
с этой точки	1
a у зрителей	1
большие деньги quintil	1
присудившего победу в	1
в комедии г	1
i с это	1
же в vii	1
именует бесстыдными чудовищами	1
когда он еще	1
другим вопросов л	1
объясняется следовательно тем	1
трех богинь афродите	1
погиб и вождь	1
пафлагонии сладкие каштаны	1
обсуждении вопросов внешней	1
своего героя однако	1
комедия облака г	1
также делегацию богов	1
демократическому строю хотя	1
художественных приемов еврипида	1
же разрушал цельность	1
сочеталась с пародией	1
его поведение хороший	1
свои поместья и	1
если попутно достается	1
дает представление целый	1
замысла в их	1
раза оставил позади	1
пелопоннесской войны о	1
на путь демократического	1
сократ распевая за	1
элемент личных нападок	1
поэтому всю вторую	1
развитием товарного обмена	1
нас не дошли	1
противоречия между отдельными	1
довершает фигура сикофанта	1
одержанной победы а	1
смущено его возрастом	1
в коем случае	1
главным образом по	1
менее это очевидный	1
только трагедия скажем	1
также трактаты поздних	1
и театральные представления	1
и материальной жизни	1
кадры гоплитского ополчения	1
необузданному радикализму клеона	1
времена никто бы	1
море пелопоннесцы потребительское	1
богатых семей а	1
аттика в пьесе	1
ст трижды повторенным	1
г а в	1
сорока комедии сохранилось	1
комика кроме аристофана	1
молодого полного сил	1
прологом и хотя	1
выраженный в греческой	1
бедноты матросов гребцов	1
в соответствии с	1
из уцелевших фрагментов	1
на те общественные	1
беззаботного пьяницу подчас	1
разложении общественной нравственности	1
и чаще хор	1
плавт комедии т	1
стесихора ухитрился украсть	1
возможностях народного собрания	1
природное влечение порождает	1
рассмотреть нападки кратина	1
или в пародировании	1
в литературе нового	1
птицы бог театра	1
жанром крестьянским по	1
время сатурналий если	1
и попытки укрепить	1
кратина фр ферекрата	1
если теперь от	1
условия аристофановской комедии	1
государств правом голоса	1
ата των έξαρχόντίον	1
скорее наоборот в	1
основатель колонии в	1
рано стал выступать	1
с птичьим царем	1
комедии неоспорима своеобразию	1
писандра в вымогательстве	1
зловредного софиста софистами	1
жизни софокл и	1
поражение оказавшись на	1
и комедия амипсия	1
ни было и	1
перикла не соответствовало	1
ситуации поэт поставил	1
в науках противопоставлялся	1
союза наталкивается на	1
программа древней комедии	1
которой он иногда	1
пережили за минувшие	1
зрителей каменный театр	1
аналогичным явлением в	1
александра париса присудившего	1
действует в отношении	1
условным так в	1
направлялись против видных	1
четверти века выступавший	1
это вовсе не	1
где давно запрятана	1
меньшей долей фривольности	1
негодование афинян по	1
последний дуэт дикеополя	1
государства фр вот	1
комедии г комический	1
островах платона слышится	1
этой мегарской строчки	1
прологом ассоциируется небольшое	1
используя в применении	1
и произведениях нерпою	1
примерно в км	1
как г следовательно	1
первoe десятилетие пелопоннесской	1
эпифор иногда два	1
достигает вершины художественного	1
государство наконец о	1
мелких землевладельцев к	1
образов приближающейся к	1
v с и	1
удалось унифицировать отсылки	1
судьба аристофана и	1
невоспроизводимости в сознании	1
театра аристофана показывает	1
художественный образ софиста	1
архидама возглавлявшего несколько	1
представления и отвергает	1
и сравнительно редко	1
примечаниях обычно в	1
ст невозможно оспаривать	1
от κωμάζειν или	1
они призывают к	1
и на мать	1
выступавший перед афинянами	1
не остается равнодушной	1
умещается в некоем	1
аристарха злейшего и	1
констатируется что народ	1
во фрагменте гермиппа	1
всенародных празднеств в	1
которым можно судить	1
известное свидетельство плутарха	1
комедия получает общественное	1
эти нападки комедии	1
обожествляется не только	1
наибольшей отчетливостью это	1
обстановки должны были	1
фрагменте содержалась брань	1
отражает антиплутократические тенденции	1
на чужой беде	1
в примечаниях обычно	1
того времени царили	1
комедии интересный пример	1
вне всяких общественных	1
полувекового периода расцвета	1
u те немногочисленные	1
и гоголь добролюбов	1
и государственного вспомоществования	1
красноречия появление их	1
египтянином нападает на	1
евполид отзывался в	1
вырастают из конкретных	1
афинах середины двадцатых	1
в нем средство	1
панафинеях г xen	1
когда аристофан делал	1
на ее неповторимости	1
как жанра во-первых	1
нередко занимают значительное	1
содержание этой комедии	1
подложил леде яйцо	1
литературоведы давно спорят	1
в русской транскрипции	1
результаты определяло жюри	1
афины не только	1
время как афинскому	1
поэт явно противопоставляет	1
же она достигается?	1
хор подбирался из	1
исполнявший свою вступительную	1
пусть чесотка заберет	1
типа русской хоровой	1
что пропаганда мира	1
введенное в действие	1
и очевидно наиболее	1
связь комических вольностей	1
фр вполне вероятно	1
десятилетня поворотный период	1
v в и	1
благородство целей аристофана	1
их образов служит	1
наперсникам-наставникам беспутных молодых	1
нам трагические поэты	1
в безопасности ныне	1
создать из мельчайшей	1
песенке из комедии	1
явление божества которое	1
комедии свидетельствуют фрагменты	1
чаще всего как	1
прослойки крупных землевладельцев	1
опасность абсолютизации даже	1
возглавляемой им аристократической	1
к целым эпизодам	1
военной партии с	1
булочницы"-гермиппа и гипербол	1
естественное соперничество между	1
средней греции и	1
[πόλεο)ς όλεθροι] высасывающие	1
вызывавшие в науке	1
включается в развитие	1
сказать о комедиях	1
один перикл к	1
том же году	1
жука достигает на	1
в составляли средние	1
и представляет его	1
и cпapтой первoe	1
невозможно оспаривать первоначальную	1
нравов но в	1
распространение комедии в	1
же в этих	1
как неистовый кратин	1
ли не символом	1
выразить свою благодарность	1
совсем не попали	1
век перикла расцвет	1
некоего ликурга обвиняют	1
сценок эписодиса т.е	1
фантастичность сюжетов аристофановских	1
принцип контраста так	1
в доме еврипида	1
так кимона за	1
композиционных членов apистофановской	1
ловушки слов cratin	1
молодежи прошел науку	1
гг относятся также	1
художественного в постоянной	1
сомнений что комедия	1
и два фрагмента	1
еще была борьба	1
петлю фр к	1
союзникам составлявшее одну	1
а хор подбирался	1
είναι δικαίους iii	1
духе афинской демократии	1
место занимал дионисалександр	1
относящихся вероятно тоже	1
выпад по адресу	1
пример такого рода	1
которые без малейших	1
хватало места и	1
мать сыплются обвинения	1
богатство афин взносы	1
философов άλλοτριογνώ^οι т	1
в мире для	1
отличается достаточной устойчивостью	1
и других большей	1
содержанием в которых	1
полиса обогащение одних	1
в трех стихах	1
граждан афины еще	1
свои руки женщины	1
малейшей мере не	1
римской комедии впрочем	1
занятия декелей спартанцами	1
эта стала кочевать	1
комическому герою в	1
споре трех богинь	1
области фольклорных обрядовых	1
высказыванию кратина не	1
процедурой не упуская	1
рабовладельческой демократии прежде	1
и без намеков	1
в излишней демократизации	1
прочим высмеивался за	1
как известно ни	1
афинский поэт был	1
его произведенниях оборачиваются	1
признанного мастера жанра	1
прибывают из подземного	1
сторонником кимона и	1
мечтой об элементарной	1
нажившим себе на	1
вызывают некоторые разногласия	1
могущество и богатство	1
которым аристофан создает	1
νόμοι к ратин	1
аттическая комедия могла	1
с менандром и	1
интересных с тогдашней	1
в жизни он	1
исполнители которой длительное	1
подземного царства в	1
же неизменностью используются	1
можно понять что	1
становились противоречия между	1
отношений в афинах	1
деревня таковы свидетельства	1
жанров определяет ценность	1
могуществом афин принимает	1
гипербол признавался в	1
в богатстве и	1
в других ни	1
потоки речи фольклорную	1
владыкой и содержится	1
посвящает целую комедию	1
олимпа и обнаруживает	1
присуще множество явных	1
объектом насмешки оказались	1
слова о гробнице	1
их недавно купленного	1
с фантазией вдохновенного	1
быть из-за преждевременной	1
и очень оживленная	1
сапфо алкея стесихора	1
ущерба который они	1
осуществляется неосуществимое дает	1
всевластия кожевника-клеона и	1
обсуждению злободневных общественно-политических	1
мы видели активно	1
или задаются один	1
основная цель комедии	1
мелкие землевладельцы возникает	1
корабельные снасти паруса	1
же антиплутократической тематики	1
себе возникновение комедии	1
recto это обычная	1
неизвестных комедий евполида	1
или к недоступным	1
пример тому дионис	1
άρπαγίστατος фр клеон	1
и чувством нового	1
обосновать наконец позиции	1
единственного и очевидно	1
здесь найдем ту	1
фр и восхваляет	1
с наибольшей отчетливостью	1
себе в совершенно	1
уюту не затронутому	1
эти годы аттический	1
коалиция между всадниками	1
высмеивается перикл так	1
на ленеях г	1
обращение лисистраты за	1
алкивиада обвиняет в	1
на сцену выводился	1
оказавшись на третьем	1
и клемент александрийский	1
и традиционному образу	1
όπου езо> во	1
преждевременной смерти самого	1
рассвета до позднего	1
τέχνη γραμματικ дионисия	1
живущих на содержании	1
высшего расцвета к	1
источником этих σκώαματα	1
претензиях дорийцев на	1
от всей этой	1
диониса гермипп говорит	1
первое десятилетие пелопоннесской	1
порождает и разрешает	1
очень заметной личностью	1
этим и и	1
пролога при всем	1
непониманием художественных особенностей	1
касается v в	1
люди πονηροί αισχροί	1
к гг относятся	1
плане именно в	1
дионис в конце	1
самого начала войны	1
произносимыми их предводителями	1
гг очевидно именно	1
собрания если героем	1
откровенной ксенофобией и	1
приносимых союзниками демагогам	1
в птичье царство	1
iii recto изумленный	1
мирные предложения спартанцев	1
голодных детей фантастические	1
самое касается электры	1
посрамлял последнего в	1
приближающие его к	1
общественную систему его	1
schol а заодно	1
из персональных выпадов	1
но этой причине	1
можно было бы	1
виде бога диониса	1
некоторые разногласия все	1
происхождение подвергается у	1
подстерегают странности аристофан	1
на олимп оседлав	1
пьесе поставленной около	1
в афины наблюдают	1
литературной технике эсхила	1
герои попадают или	1
и столь достойных	1
за счет других	1
птиц в котором	1
сок губительные для	1
от экфантида schol	1
проявления было бы	1
всадниках было достаточно	1
в гг появляются	1
пародируются составленные в	1
кoe-как прокормить ораву	1
дело обстояло значительно	1
используемых комедией не	1
флот но возрождение	1
эразм роттердамский рабле	1
неустрашимость перед лицом	1
