вл соловьев	23
вл соловьева	15
с м	8
с ]	7
–х годов	7
соч с	4
соловьев с	4
м указ	4
указ соч	4
и вообще	4
до конца	4
в этом	4
а ф	4
творения платона	3
а в	3
владимира соловьева	3
не только	3
платона перевод	3
м с	3
перевод владимира	3
по соловьев	3
в году	3
и в	3
в париже	3
не может	3
т i	3
соловьев в	3
соловьев вл	3
вл письма	3
в результате	3
у него	2
концу –х	2
таким образом	2
свою книгу	2
вселенской церкви	2
этой классики	2
вернулся к	2
в письме	2
но и	2
и не	2
себе представить	2
i м	2
т iii	2
года вл	2
ф аксакова	2
уже не	2
московской публики	2
того что	2
iii с	2
в этих	2
жизни и	2
письма т	2
в россии	2
в том	2
но в	2
та часть	2
своим идеалам	2
м соловьев–младший	2
с этим	2
то же	2
к теоретической	2
петра i	2
народа и	2
с западной	2
он написал	2
н трубецкого	2
к концу	2
с н	2
не было	2
и мы	2
теоретической философии	2
для вл	2
на французском	2
в очень	2
новым монгольским	2
с соловьева	2
при большой	2
что в	2
мужа и	2
соловьев писал	2
конца –х	2
то что	2
ф аксаковой	2
а он	2
соловьева к	2
он меня	2
я его	2
в то	2
и чуждой	2
соловьева т	2
соловьева в	2
этих лекциях	2
опять вернулся	2
он прямо	2
что вл	2
но не	1
идее вселенской	1
и поливанова	1
в загреб	1
г в	1
москве март	1
и всечеловеческого	1
разделяя так	1
понемногу отходит	1
московскую публику	1
его не	1
разным церковным	1
папизму я	1
свой духовный	1
ходили слухи	1
земной организации	1
сохраненному историей	1
лекции были	1
красота в	1
отношения к	1
писал мною	1
какого морального	1
архива л	1
книге тоже	1
но он	1
главнейшие соловьевские	1
его личности	1
также что	1
пережиты»[ соловьев	1
каждым годом	1
еще более	1
западной цивилизацией	1
с года	1
основной взгляд	1
тем больше	1
панцирь стягивавший	1
начала и	1
пока не	1
совокупности его	1
я никогда	1
идеала деятельность	1
преткновения и	1
что мои	1
чуждого для	1
очень сложным	1
предварительном очерке	1
очень многое	1
иезуитом и	1
что вы	1
несколько позже	1
поливанова письмом	1
философа в	1
обстоятельствах связанных	1
дней и	1
л п	1
напечатать лишь	1
нами с	1
меня махнули	1
саму анну	1
в конце	1
одною силою	1
очень дружеских	1
всей европы	1
выступления в	1
очень тяжелое	1
из архива	1
окончательное отношение	1
книгу мою	1
жизненная действительная	1
известий кроме	1
даже трагических	1
он есть	1
стихи город	1
письмом последнего	1
имеем второго	1
больше того	1
кн с	1
нужен общехристианский	1
чистым латинским	1
у вл	1
отцы–иезуиты были	1
ума гения	1
одного экземпляра	1
нравились но	1
этом столкновении	1
пушкина но	1
мрачным молчанием»[	1
соловьева им	1
что он	1
такому хранителю	1
пользу студентов	1
двумя его	1
впрочем не	1
земле организацию	1
к идее	1
и если	1
связанных с	1
и усиленных	1
этим благим	1
все же	1
под влиянием	1
таким каков	1
невольно для	1
полагать что	1
меня своего	1
г назревает	1
идея порядка	1
мне более	1
лекциями в	1
ix в	1
с нею	1
переводятся нами.]	1
влиянием постоянных	1
всей исторической	1
на земле	1
соловьева среди	1
никогда нельзя	1
россии чтобы	1
выводу что	1
когда он	1
а второй	1
прямо приходит	1
гордости и	1
] а	1
история платона	1
высоком строе	1
на московскую	1
принималось еще	1
и русская	1
же году.]	1
отца ф	1
читаем на	1
или менее	1
письмо резюмирует	1
его серьезных	1
позже но	1
годом и	1
аксакова вырвала	1
связи с	1
дерзкие и	1
латинским золотом	1
с ней	1
пришло к	1
иллюзий относительно	1
в защиту	1
себя к	1
неудачи и	1
его по	1
прочтения этих	1
относиться к	1
но содержание	1
христос но	1
после своих	1
соловьев и	1
том числе	1
л и	1
аксаковой на	1
и та	1
которая интересуется	1
католичеством и	1
в них	1
было интереснее	1
вы пользуетесь	1
потребовала сделать	1
были недовольны	1
образом ожидание	1
гробовым и	1
вселенская церковь	1
кутьи царство	1
идея панмонголизма	1
прямодушие и	1
меня не	1
ересью идеи	1
его рассуждения	1
лекцию соловьева	1
совпавший с	1
элементом и	1
один нужен	1
в своей	1
несмотря на	1
] общий	1
родственники и	1
самого вл	1
написать вступление	1
о падении	1
для россии	1
заранее известно	1
смирнее поскольку	1
итог церковнополитическим	1
время своей	1
публика была	1
в пользу	1
орудия и	1
иезуит так	1
проводимая в	1
что французы	1
идеи была	1
отнестись холодно	1
либералы за	1
ожиданий вл	1
более всякого	1
я не	1
ожесточенную борьбу	1
с аксаковыми	1
всего неприятностей	1
это вероятно	1
еще в	1
самая его	1
всего была	1
экземпляра и	1
латинский камень	1
любовью и	1
очерке к	1
такие значительные	1
съехалась вся	1
эти неудачи	1
больше стала	1
реакцию на	1
мрачных для	1
п никифорову	1
и попросила	1
нравственных вопросах	1
уж никогда	1
понятие о	1
давнишний и	1
последнего десятилетия	1
можно назвать	1
аьап&#;оп непринужденность	1
же время	1
церковнополитическим исканиям	1
попечение»[ соловьев	1
о печатном	1
был отпущен	1
в основном	1
ростом его	1
–е изд	1
этим рачким	1
статьи своего	1
видимою одною	1
борьбу с	1
глубоко на	1
даже больше	1
слишком дерзкие	1
вопросах еп	1
более или	1
кажутся католическими	1
печатном одобрении	1
доброте она	1
московской публикой	1
и остался	1
его из	1
цивилизации новым	1
оставил попечение»[	1
к такому	1
воли… ix	1
равноправии всех	1
было сказать	1
там же	1
грозили ему	1
письма приводятся	1
приблизительно к	1
в нашем	1
высказался по	1
рыбу а	1
своих воспоминаниях	1
всех народов	1
мир а	1
в природе	1
как понятие	1
публичные выступления	1
ту реакцию	1
только родным	1
его биографии	1
но дело	1
смысл любви	1
либо без	1
и стараются	1
сочувствия либо	1
своих дней	1
что пишет	1
лишена у	1
мрачный итог	1
вырвала предисловие	1
камень в	1
условное был	1
сопротивления и	1
этом русском	1
своего публичного	1
годы своей	1
пушкин то	1
монгольским завоеванием	1
а демидову	1
но эта	1
тема здесь	1
мы читаем	1
я полюбил	1
видал более	1
недостатка унаследовав	1
них мой	1
нельзя было	1
году.] и	1
на меня	1
и орудием	1
основном светлая	1
i с	1
этот ужас	1
ф и	1
интересуется философией	1
но все	1
западническая деятельность	1
датировано но	1
мистицизм вот	1
вообще говоря	1
кризис г.»[	1
] кроткий	1
идеалам прогресса	1
жизни даже	1
растянуться на	1
покойного мужа	1
одобрении со	1
году во	1
которая чем	1
гения и	1
годов вл	1
остальными экземплярами	1
второго тома	1
а клерикалы	1
и чаяния	1
никаких известий	1
россия и	1
смесь каткова	1
представляет современную	1
платон не	1
драма сыграна	1
идея нужно	1
первый том	1
растет с	1
кротостью чего	1
благодушный вл	1
себя в	1
этой книги	1
богословским вопросам	1
подлинным прогрессом	1
этот раз	1
он был	1
же и	1
воспользоваться из	1
работе года	1
сделать то	1
человек не	1
со стороны	1
и иезуитскую	1
теократии самая	1
письме вл	1
тому же	1
от этой	1
соловьев не	1
большим знатоком	1
и глубоко	1
канонику рачкому	1
и благодушный	1
чуткости ко	1
вообще человек	1
питал ровно	1
все мои	1
такой тезис	1
из меня	1
россии уже	1
федоровну при	1
европы представляет	1
при всех	1
м а	1
касается самого	1
к этим	1
цитируем его	1
кроткий и	1
природе а	1
что несмотря	1
–х начала	1
лекциями на	1
после смерти	1
был себя	1
было по	1
ко всему	1
и даже	1
прямо и	1
новый перевод	1
неприемлема то	1
и наконец	1
всякой конфессиональной	1
выразилось в	1
только об	1
годов для	1
чтобы он	1
результате торжества	1
для европы	1
был не	1
же он	1
а также	1
хлеб камнем	1
деятельности вл	1
о его	1
чуждого ей	1
меня вместить	1
уже давно	1
светлая здоровая	1
к одному	1
хранителю церковной	1
письме переводятся	1
торжество общечеловеческого	1
в предварительном	1
переводы с	1
неизбежен один	1
в своих	1
назначение… одною	1
конкретно выразилось	1
после прочтения	1
и попахивающие	1
одобрить мои	1
жены в	1
мною уже	1
шумными рукоплесканиями	1
огромную опасность	1
попросила вл	1
восточный яд	1
слухи о	1
конца своих	1
и на	1
самым чистым	1
для тогдашней	1
возвращаясь из	1
видно из	1
представить как	1
лекциях что	1
к числу	1
вам в	1
же вероятно	1
своего покойного	1
получил еще	1
к фету	1
и относительно	1
не принимает	1
и никаких	1
из его	1
убежденностью в	1
всякого вымысла	1
он в	1
рачким несколько	1
и до	1
так излагается	1
сделать из	1
золотом чтобы	1
и мрачным	1
рисует этот	1
основании анализа	1
прямо высказывает	1
личности и	1
правда издал	1
отец нам	1
интереса к	1
сложным положением	1
смерти философа	1
года жизненная	1
вселенский отец	1
можно же	1
впечатление произведенное	1
неприятностей в	1
камнем преткновения	1
нам неизбежно	1
к папизму	1
церковь он	1
это принималось	1
того л	1
сборников что	1
действительная история	1
приходит к	1
переводы но	1
изд таким	1
отцам которые	1
он все	1
об убеждении	1
но я	1
всечеловеческого идеала	1
и особенно	1
французы называли	1
о русских	1
ваш восточный	1
в русском	1
вот и	1
загреб вл	1
соловьев доказывал	1
конфессиональной проблематики	1
сам он	1
в письмах	1
в существе	1
никогда… но	1
сердечной доброте	1
осуществить на	1
соловьев подводит	1
третью часть	1
вообще высказался	1
говорю о	1
сплетни неотвязной	1
французских своих	1
дружбу до	1
посвятил философии	1
о софии	1
который впрочем	1
ней с	1
книгу россия	1
знатоком его	1
сторон либералы	1
апреля следующие	1
после своего	1
традиционный панцирь	1
вот вам	1
косо относиться	1
и вспыльчивого	1
неизменно сохранял	1
меня очень	1
даем этот	1
постоянный друг	1
тонкий ум	1
и насилия	1
так прямо	1
что конкретно	1
поездки в	1
не могу	1
воспоминаниях писал	1
считать его	1
глупый город	1
раз из	1
был какой&#;то	1
настроена достаточно	1
соловьев идеалист	1
новый кризис	1
соловьев находился	1
зато я	1
он не	1
которые многим	1
говорил о	1
в эти	1
анализа всей	1
относительно московской	1
произведения как	1
соловьева но	1
исполнить свое	1
монгольским нашествием	1
сочувственно но	1
работа останавливается	1
была лишена	1
трактат красота	1
давно упрекаете	1
пала в	1
церковной дисциплины	1
не менее	1
может сам	1
анафемой а	1
и при	1
ней духовного	1
выходку и	1
с начала	1
к тому	1
достоинствах было	1
существе дела	1
друг философа	1
мы должны	1
холодно к	1
себе между	1
поскольку в	1
ум при	1
превратил для	1
соловьев также	1
глава есть	1
вывод относительно	1
католические отцы	1
симпатии вл	1
в г	1
необходимо прибавить	1
полюбил и	1
этих довольно	1
публикой либо	1
платона вл	1
известие о	1
заодно же	1
враждебно с	1
отношениях с	1
разочарованиями вл	1
неприятностей доставляли	1
одною главою	1
его лекций	1
были прочитаны	1
работает над	1
словами здесь	1
их судьба	1
этот давнишний	1
возрасте лет	1
и угоди	1
соловьевские идеи	1
на пять	1
еще и	1
это в	1
покидало вл	1
человечества христианского	1
стягивавший и	1
сыграна и	1
его трактат	1
психологически наступило	1
хорошему она	1
философ напоминает	1
католическими разочарованиями	1
свое назначение…	1
как элементом	1
панмонголизма как	1
вероятно больше	1
всякого сочувствия	1
тогдашняя московская	1
иезуиты совсем	1
чертами тревоги	1
но даже	1
сам собой	1
так же	1
настроение те	1
рассуждения года	1
чувствую также	1
как тяжело	1
конца однако	1
россии победоносцев	1
неуверенности и	1
он вел	1
очень мрачных	1
многое и	1
соловьев конечно	1
вымысла может	1
результате параллельного	1
философской позиции	1
вместил в	1
конечное торжество	1
русская идея	1
исканиям вл	1
годы интереса	1
к ней	1
от церковного	1
же т	1
публику письмо	1
змеею один	1
ибо невидимая	1
и благожелатели	1
творчества становились	1
наконец в	1
китайская идея	1
не видал	1
известно x	1
многим весьма	1
энергичная глубоко	1
том творения	1
славянофильствующей московской	1
лопатин говорил	1
всех этих	1
чисто конфессиональным	1
которую проявила	1
к л	1
дьявол сделал	1
однако можно	1
им конечно	1
своей убежденностью	1
им обстоятельно	1
сказать что	1
ii м	1
л м	1
соловьева психологически	1
к проблемам	1
этот конец	1
тот же	1
вообще все	1
дела что	1
к этой	1
город грязный	1
о боге	1
перед нами	1
обстоятельно и	1
годов напрашивается	1
вспыльчивого существа»[	1
и всей	1
клерикализмом либерализм	1
самой москвы	1
чаяния с	1
по ее	1
результате преодоления	1
тяжелее и	1
более было	1
была действительно	1
и деятельности	1
биографический вывод	1
еще один	1
существа»[ соловьев	1
цитаты из	1
и мужа	1
глубоко верующая	1
студентов лекции	1
философии еще	1
уже вне	1
что же	1
далее же	1
на тему	1
и говорил	1
была воплощенной	1
время в	1
время с	1
сам вл	1
во всех	1
а не	1
закрывавший его	1
все&#;таки опять	1
прогресс своей	1
меня латинский	1
неизбежно обратиться	1
мои приятели	1
очень утешило»[	1
взгляд вл	1
что этот	1
православные вот	1
соловьева вместе	1
религиозных вопросов	1
его вместил	1
это воспринималось	1
публичного выступления	1
людей я	1
мое окончательное	1
годы последние	1
к восхвалению	1
здоровая энергичная	1
лекциях была	1
фразы в	1
–х числах	1
какую огромную	1
в себе	1
ему католические	1
оправдание добра	1
принимает я	1
французском языке[	1
доказывал какую	1
для себя	1
останавливается мы	1
все более	1
возможность воспользоваться	1
то после	1
я их	1
и тяжелее	1
иване сергеевиче	1
на овечку	1
подводит такой	1
отстоять свой	1
начинает разрушаться	1
еще когда	1
анну федоровну	1
встреченный шумными	1
и печатал	1
нужно сказать	1
силу характера	1
что русскую	1
так встреченный	1
бог превратил	1
современности и	1
соловьев стал	1
теократическая схема	1
конец –х	1
дела заранее	1
публики которая	1
была западническая	1
с болезнью	1
тонах главная	1
и тонкий	1
говорил мне	1
проскальзывает и	1
мы его	1
другими словами	1
не выдержал	1
насилия vi	1
только оставшиеся	1
бы письмо	1
прекрасную душу	1
либо даже	1
свободой своей	1
никифорову о	1
идею целиком	1
русскую идею	1
дружеских отношениях	1
конфессиональным говорит	1
со своими	1
косвенное известие	1
также пишет	1
относительно самой	1
в обстоятельствах	1
утешило»[ там	1
отступал до	1
ее выходку	1
общехристианский вселенский	1
и постоянный	1
владимира святого	1
церковных увлечений	1
дисциплины сохраненному	1
московская публика	1
март г	1
французские фразы	1
имел возможность	1
он уже	1
вольнодумство мечтательность	1
вне всякой	1
соловьев написал	1
оо иезуиты	1
написал апреля	1
и серьезную	1
в совокупности	1
чисто философским	1
говоря отрицательно	1
мнение славянофилов	1
в свой	1
него не	1
резюмирует так	1
философии где	1
соловьева нужно	1
но то	1
на этот	1
мне ваши	1
с ростом	1
по разным	1
конечно нравились	1
в такой	1
своей любовью	1
] я	1
его публичные	1
демидову в	1
сообщить их	1
но относится	1
но что	1
и м	1
же себе	1
преодоления этой	1
все с	1
истины а	1
я говорю	1
довольно суровых	1
чтобы отнестись	1
соловьев посвятил	1
и переводы	1
м соловьев	1
написал такие	1
с которыми	1
м вл	1
и самомнении	1
никогда в	1
содержание их	1
ужас перед	1
кризис так	1
вопросов то	1
пришел невольно	1
мой хлеб	1
клерикалы за	1
воодушевлением доказывал	1
его жены	1
той философской	1
выдержал своего	1
письме так	1
изменяя своим	1
ѕії&#;іс&#;еп егпѕі	1
была настроена	1
истине но	1
иезуитскую змею	1
десятилетия его	1
публики заодно	1
суровых неприятностей	1
народов а	1
русском письме	1
и тютчева	1
вторым томом	1
называли аьап&#;оп	1
м мартыновой[	1
недостававшую ее	1
порядка столкнется	1
тома теократии	1
аксакова этот	1
силою ума	1
не датировано	1
говорит очень	1
и творчества	1
мыслей и	1
биографии рисует	1
трудом необходимо	1
соловьев это	1
его произведение	1
самочувствии неизменно	1
мою французскую	1
благодушие –е	1
письмо не	1
и благодушие	1
византия пала	1
менее сочувственно	1
соловьев страшился	1
положением вл	1
змею в	1
хлеб и	1
успел перевести	1
творений более	1
] философско–теоретическими	1
один эпилог	1
за либерализм	1
издал в	1
воспринималось тогдашней	1
не покидал	1
в своем	1
духовного метода	1
доказывал в	1
друзей и	1
как кризис	1
этой своей	1
православия была	1
панмонголизм философ	1
должны отстоять	1
философа переводы	1
книги вл	1
и принимаю	1
языке[ даем	1
числах марта	1
махнули рукой	1
более широкой	1
не покидало	1
говоря уже	1
его писания	1
самомнении с	1
мысли от	1
все главнейшие	1
каткова и	1
жизни не	1
постоянных и	1
мечтательность и	1
принимаю таким	1
письмо точно	1
сам растянуться	1
религии но	1
одобряют с	1
когда вл	1
увековеченная в	1
назревает новый	1
я получил	1
все тяжелее	1
этим недостававшую	1
не питал	1
напряжения стоили	1
двух сторон	1
что третью	1
человечества»[ творения	1
кроме того	1
необходимо считать	1
остался еще	1
такой обстановке	1
марта он	1
целиком воплотил	1
русских мыслителях	1
и тем	1
падении у	1
западной цивилизации	1
можем подпасть	1
я пользуюсь	1
высылке в	1
более опасны	1
сделал для	1
писал летом	1
чтобы стать	1
они не	1
еще к	1
совсем на	1
проблемам чисто	1
одобрить ни	1
то родственники	1
угождении но	1
тоже вообще	1
прочим потому	1
г.»[ соловьев	1
подпасть под	1
аксаковыми без	1
соловьева м	1
объявили мне	1
власть чуждого	1
напоминает как	1
дела свою	1
книгах не	1
становились все	1
о троичности	1
нашем переводе	1
с теми	1
чуждой религии	1
ее отцу	1
вот что	1
его растет	1
еще декабря	1
французском языке	1
дело в	1
пишет жизненная	1
с каждым	1
организацию вселенской	1
на все	1
неотвязной скуки	1
имею никакого	1
г соловьев	1
путем физического	1
приводятся по	1
и жену	1
было всегда	1
серьезных достоинствах	1
никакого отношения	1
нравственной воли…	1
проблематики три	1
мне было	1
томом теократии	1
замалчивать зато	1
течение всего	1
схема начинает	1
классики вл	1
хотя с	1
невидимая глава	1
часть неаристократической	1
метода вл	1
исторических занятий	1
всего последнего	1
конца и	1
vi в	1
тогдашней московской	1
следующие стихи	1
орудием истины	1
это меня	1
напрашивается сам	1
и богословским	1
писал канонику	1
из россии	1
стороны епископа	1
скуки сна	1
главная тема	1
вопросам которые	1
опасность для	1
при высоком	1
унаследовав от	1
была продумана	1
в хлеб	1
молчанием»[ цитаты	1
католическими вы	1
мартыновой[ письмо	1
соловьева написать	1
клерикализм а	1
и закрывавший	1
вам ничего	1
на основании	1
близких друзей	1
высказывает такой	1
и ту	1
для нее	1
выставлял в	1
святого это	1
могли одобрить	1
среди близких	1
вся та	1
или иначе	1
русском самодержавии	1
вероятно пришло	1
может исполнить	1
своем внутреннем	1
на лекцию	1
рачкому книгу	1
общий биографический	1
здесь перед	1
не отступал	1
соловьева то	1
касался религиозных	1
от того	1
письма с	1
письме мы	1
германское прямодушие	1
представить какого	1
точно не	1
есть христос	1
видимою ибо	1
соединила с	1
своей жизни	1
и с	1
произведение оправдание	1
с французские	1
соловьев возвращаясь	1
главою видимою	1
к н	1
матери которая	1
славянофилов в	1
последние годы	1
деятельность владимира	1
письмах и	1
свойства она	1
доставляли ему	1
тезис историческая	1
из сборников	1
своего отца	1
видаться с	1
лекций он	1
писал мне	1
что можно	1
спинозы и	1
в свое	1
всему хорошему	1
добра –е	1
нами.] вот	1
чувства и	1
тем не	1
не говоря	1
литературой а	1
время она	1
соловьев опять	1
китая эта	1
иезуиты сильно	1
объективной истине	1
идеалист но	1
трагических ожиданий	1
воплотил пушкин	1
на его	1
последних дней	1
западнически чтобы	1
историческая драма	1
но другого	1
рукоплесканиями вл	1
пользуетесь самым	1
все эти	1
нравились еще	1
старой приятельницей	1
больше всего	1
вступление к	1
но сам	1
соловьев успел	1
и кутьи	1
про саму	1
строе мыслей	1
оставшиеся после	1
если касался	1
она соединила	1
этом не	1
простил а	1
может я	1
уже о	1
он правда	1
здесь та	1
позиции которая	1
еще ни	1
о земной	1
идея проводимая	1
гостей я	1
годов и	1
получил косвенное	1
часть московской	1
впрочем как	1
мы изменяя	1
x таким	1
качестве идеала	1
самодержавии и	1
этой книге	1
начала –х	1
достаточно западнически	1
уже была	1
серьезную добросовестность	1
в течение	1
и вселенская	1
ровно никаких	1
предисловие вл	1
ее словам	1
обратиться к	1
соловьев–младший который	1
где он	1
жену хотя	1
своих церковных	1
натура другими	1
идеи тот	1
то уже	1
соловьев понемногу	1
вместе с	1
к упомянутым	1
сна галиматьи	1
папские симпатии	1
пять актов	1
и нравственной	1
непринужденность у	1
по–видимому тогдашняя	1
философской мысли	1
опубликовано в	1
увлечений вл	1
наступило очень	1
иначе мнение	1
упрекаете меня	1
лишь первый	1
соловьев под	1
чуждой для	1
защиту философии	1
трагедией человечества»[	1
его со	1
с этой	1
православным клерикализмом	1
завоеванием не	1
мои достоинства	1
] еще	1
сделал но	1
и теоретическая	1
вместить не	1
обстановке и	1
уже ходили	1
теми же	1
недовольны его	1
политикой разделяя	1
проявила а	1
общественности необходимо	1
которая уже	1
своей работе	1
себя смирнее	1
столкнется с	1
разрушаться он	1
особенно с	1
стараются меня	1
ничего противного	1
же с	1
стать иезуитом	1
общечеловеческого и	1
могу вам	1
позолотить пилюли	1
и ведет	1
себе ваш	1
и большим	1
ни одного	1
своих книгах	1
за вольнодумство	1
соловьева тонах	1
даже и	1
них нет	1
отрывок в	1
этот отрывок	1
перевод платона	1
классикой философской	1
их писал	1
церковным и	1
не проглотим	1
противного объективной	1
лет с	1
соловьев все&#;таки	1
чтобы позолотить	1
в стихотворении	1
морального напряжения	1
стороны но	1
в более	1
болезнью как	1
каков он	1
стал полагать	1
софии и	1
еп ѕії&#;іс&#;еп	1
жизнерадостных оценок	1
меня в	1
грязный смесь	1
году вл	1
отличаться чертами	1
и которая	1
пишет вл	1
с остальными	1
годов в	1
вообще в	1
дальше тем	1
церкви с	1
его творений	1
из этого	1
париже отцы–иезуиты	1
он работает	1
или что	1
им как	1
христианского вывод	1
субъективное настроение	1
была похожа	1
не имею	1
эти годы	1
не имеем	1
мне что	1
мы цитируем	1
беспокойства неуверенности	1
соловьева съехалась	1
неаристократической москвы	1
же католическими	1
годов с	1
такой мрачный	1
от матери	1
включал уже	1
приятельницей сохранил	1
собой обстоятельства	1
один иезуит	1
и грозили	1
но после	1
в конечное	1
одному из	1
ядовитою змеею	1
в качестве	1
его возможной	1
не опубликовано	1
угоди на	1
декабря года	1
те чувства	1
нашествием и	1
с двух	1
и элемента	1
и платон	1
московской аристократии	1
этом письме	1
что для	1
стоили ему	1
боге в	1
платона он	1
соловьев был	1
церкви что	1
потому что	1
года с	1
переводам платона	1
находился в	1
деятельность петра	1
сергеевиче при	1
того чтобы	1
отцу силу	1
не могут	1
та что	1
прогрессом православия	1
было недостатка	1
его лекциями	1
интересует хотя	1
в связи	1
обстоятельства жизни	1
же касается	1
аристократии идея	1
егпѕі это	1
и неприятности	1
также политикой	1
вопроса он	1
которая по	1
интереснее видаться	1
пилюли заключающие	1
то это	1
а дьявол	1
усиленных исторических	1
менее всего	1
не одобряют	1
этого перевода	1
церковного вопроса	1
то время	1
в двух	1
прогресса мы	1
из письма	1
более разочаровывается	1
перевести и	1
своей поездки	1
с православным	1
его понимаю	1
ведет ожесточенную	1
разговора о	1
и все	1
трубецкого и	1
широкой общественности	1
столкновении китая	1
из китая	1
наконец тоже	1
аристократию и	1
хотя в	1
исторической жизни	1
стала отличаться	1
излагается основной	1
европы народа	1
можно себе	1
сильно меня	1
есть но	1
западной идеей	1
с очень	1
перевода сам	1
теоретическая философия	1
над вторым	1
и мою	1
кротость и	1
него жизнерадостных	1
никаких иллюзий	1
его католичеством	1
меня ругают	1
был продиктован	1
образом после	1
которая представляет	1
своей старой	1
и это	1
но из	1
философским трудом	1
родным племянником	1
и об	1
продумана им	1
сохранял кротость	1
россии и	1
может быть	1
что они	1
начале –х	1
ожидание панмонголизма	1
всех его	1
во время	1
перед новым	1
а ведь	1
платона увековеченная	1
овечку я	1
москвы которая	1
философии и	1
философией литературой	1
неприятности конца	1
между прочим	1
часть этой	1
занятий пришел	1
письмо к	1
экземплярами впоследствии	1
об угождении	1
нужно осуществить	1
унаследовала от	1
с г	1
о французских	1
у его	1
не в	1
яд но	1
понимает и	1
философия наконец	1
отходит от	1
как изменившая	1
католики ни	1
они кажутся	1
нами переводам	1
в возрасте	1
торжества чуждого	1
например новый	1
печатал свою	1
идеала натура	1
эта идея	1
вел себя	1
более раздражительного	1
идеи тем	1
соловьев–младший имел	1
в равноправии	1
его последних	1
убеждении людей	1
соловьева и	1
трубецкого т	1
актов но	1
что и	1
ему все	1
тоже можем	1
верующая в	1
–е годы	1
но когда	1
соловьева кн	1
себя чувствовать	1
троичности о	1
изменившая своим	1
я далек	1
всех нравственных	1
ни православные	1
нее религии	1
живой и	1
ему анафемой	1
был в	1
же самый	1
но мы	1
она не	1
прогресса тоже	1
раздражительного резкого	1
духовный мир	1
за клерикализм	1
разочаровывается в	1
продиктован также	1
далек от	1
возможной высылке	1
либерализм его	1
историей впечатление	1
вы уже	1
оценок современности	1
своими соловками	1
другого свойства	1
не получил	1
интересами был	1
отпущен гробовым	1
характера германское	1
до его	1
на людей	1
для них	1
рукой и	1
отрицательно папские	1
своего светлого	1
цивилизацией китайская	1
я впрочем	1
под власть	1
ей народа	1
в себя	1
и потребовала	1
он выставлял	1
жизни китая	1
теократии но	1
тогдашней славянофильствующей	1
ни католики	1
соловьева творения	1
опасны что	1
словах мое	1
проглотим никогда…	1
относительно конца	1
похожа на	1
с материнской	1
китая вл	1
идеей прогресса	1
подробно говорил	1
также например	1
философии спинозы	1
же совпавший	1
отнеслись к	1
свое время	1
i и	1
большой сердечной	1
давно оставил	1
не могли	1
французскую не	1
тоже чисто	1
самый мотив	1
не унаследовала	1
дней видно	1
который был	1
так или	1
ибсена может	1
и пушкина	1
уже пережиты»[	1
] по–видимому	1
было того	1
году но	1
душу у	1
с видимою	1
писания не	1
как и	1
париже на	1
прибавить еще	1
этих лекций	1
меня мало	1
так и	1
племянником вл	1
мотив проскальзывает	1
чем дальше	1
меня замалчивать	1
внутреннем самочувствии	1
отношение к	1
мыслителях католические	1
конце –х	1
париже и	1
у ибсена	1
в –х	1
мои слишком	1
их в	1
время достаточно	1
языке в	1
с письмо	1
в рыбу	1
том что	1
хотя бы	1
отцы отнеслись	1
тем более	1
летом года	1
свой прогресс	1
в иване	1
даже враждебно	1
сказать про	1
галиматьи к	1
относится его	1
попахивающие ересью	1
либерализм оо	1
нет ничего	1
благим отцам	1
соловками можно	1
организации человечества	1
парижа а	1
классики а	1
рыбу ядовитою	1
м лопатин	1
епископа и	1
годов относится	1
стихотворении года	1
чего уж	1
менее не	1
идеализма до	1
тревоги беспокойства	1
н а	1
его жизни	1
ничего сообщить	1
ведь в	1
мою рыбу	1
понимаю и	1
три разговора	1
не нравились	1
и мистицизм	1
относится приблизительно	1
платона но	1
ждал его	1
приятели иезуиты	1
произведенное лекциями	1
последнего к	1
ругают за	1
прочитаны на	1
для меня	1
резкого и	1
добросовестность во	1
тему славянофильство	1
достоинства они	1
аксаковой ее	1
тяжелее но	1
словам была	1
издавала статьи	1
но чувствую	1
чувствовать вл	1
она менее	1
всегда что&#;то	1
страшился уничтожения	1
написал смысл	1
с воодушевлением	1
действительно неприемлема	1
том включал	1
т ii	1
его теократическая	1
москвы после	1
уничтожения западной	1
как у	1
достаточно славянофильски	1
элемента бог	1
упомянутым нами	1
современную аристократию	1
царство сплетни	1
должен был	1
и сделал	1
после его	1
победоносцев ждал	1
впоследствии вл	1
жизненная драма	1
в гордости	1
вывод неизбежен	1
говорил что	1
материнской стороны	1
к выводу	1
судьба меня	1
китая с	1
большой чуткости	1
ваши идеи	1
в москве	1
в жизни	1
с двумя	1
весьма не	1
и напечатать	1
пользуюсь им	1
славянофильски чтобы	1
названа трагедией	1
мало интересует	1
в начале	1
конца то	1
не понимает	1
что&#;то условное	1
не путем	1
которые объявили	1
числу всех	1
покидал вл	1
чтобы косо	1
какой&#;то традиционный	1
панмонголизма не	1
назвать классикой	1
что подлинным	1
лекций а	1
двух словах	1
из парижа	1
значительные произведения	1
людей давно	1
любви далее	1
религии так	1
благожелатели предупреждали	1
физического сопротивления	1
конечно простил	1
его прекрасную	1
идеалам византия	1
заключающие в	1
что его	1
воплощенной кротостью	1
без всякого	1
эпилог который	1
нею мне	1
она издавала	1
и еще	1
где подробно	1
католические дела	1
которыми я	1
то субъективное	1
своего орудия	1
тютчева живой	1
славянофильство и	1
драма платона	1
параллельного с	1
и свободой	1
фету я	1
к той	1
могут одобрить	1
тяжело должен	1
числе хотя	1
второй том	1
переводе по	1
без гостей	1
тяжелое время	1
философско–теоретическими интересами	1
город глупый	1
соловьева до	1
светлого идеализма	1
восхвалению петра	1
года где	1
книгу то	1
мы пока	1
от своего	1
года панмонголизм	1
сохранил дружбу	1
i или	1
по себе	1
может сделать	1
быть названа	1
эта работа	1
предупреждали его	1
выступления которую	1
