первой ночи	4
все же	3
в первую	3
но в	3
в чем	3
в нем	3
один из	3
в сказке	3
об этом	3
первую ночь	2
форме задачи	2
своих возлюбленных	2
на вопрос	2
все ясно	2
такое объяснение	2
с ней	2
ой ой	2
об опасности	2
к царевне	2
царь клич	2
в брак	2
в форме	2
т е	2
свои личные	2
нечто вроде	2
ничего не	2
ноги и	2
что она	2
превращается в	2
бросил ее	2
в ряд	2
во многих	2
задача узнать	2
испытание первой	2
царевне летает	2
личные свойства	2
не менее	2
мы должны	2
сама сказка	2
в данном	2
не все	2
представление об	2
на него	2
своего возлюбленного	2
он не	2
как он	2
то же	2
уже известную	2
ее за	2
в состоянии	2
все женихи	2
не может	2
ответ на	2
этот обряд	2
женщины и	2
и о	2
выражено в	2
летает змей	2
но здесь	2
него руку	2
из них	2
ночи обычно	2
так как	2
тем не	2
в юрту	2
руку и	2
девушек в	2
этого мотива	2
известную нам	2
ином царстве	2
в ином	2
что в	2
во время	2
к женщине	2
то ли	2
ее как	2
клич кто	2
том что	2
в лесу	2
или в	2
мы имеем	2
что здесь	2
еще не	2
дело не	2
выше мы	1
просить прощения	1
дочь старика	1
постельке лег	1
отвергнуть болезней	1
переосмысления но	1
как находятся	1
аналогичные случаи	1
они равны.<неи	1
тому царство	1
же.<неи итак	1
детальном рассмотрении	1
случаи показывают	1
ждет еще	1
оставил дальше	1
он засыпает	1
а в	1
женщине на	1
собрано в	1
сам жених	1
во сне	1
миф сообщенный	1
примыкающем к	1
по которому	1
жених в	1
в волос	1
бы окончиться	1
волос сев	1
по тому	1
стадий в	1
исхлестал ее	1
этом мы	1
в промежности	1
три совершенно	1
уходите поскорей	1
здесь шесть	1
другие и	1
жениха однако	1
одиннадцать авторов	1
змей выход	1
н внезапной	1
невестой ложится	1
прощения мы	1
и устраивают	1
толпы девушек	1
и ведут	1
сне доходит	1
автор склоняется	1
в большинстве	1
не только'	1
иногда превращается	1
не сдержать	1
случаи в	1
а только	1
xix века	1
во внезапной	1
его душить	1
лесному братству	1
приобретает свои	1
встречается еще	1
прямо не	1
спустился вот	1
ее на	1
и у	1
индивидуального облика	1
силу пытать	1
опасно для	1
сочетание с	1
три ночи	1
же испытание	1
с достаточной	1
он говорит	1
царь кликал	1
жениха заступает	1
на свое	1
быть поставлен	1
царевна побежденная	1
кагарова приведено	1
цели но	1
женской болезни	1
по-видимому некогда	1
там есть	1
сардинии жених	1
опочивать она	1
вар уходите	1
произвольных решений.<неи	1
показывает что	1
царевны хто	1
полежу или	1
вплоть до	1
сад но	1
эту побывку	1
смертью мужчины	1
ногам должен	1
что не	1
обрядов для	1
волос в	1
и станет	1
и что	1
они приезжают	1
кости и	1
с другим	1
что он	1
жениха демоническую	1
искомый в	1
у него	1
свойства и	1
почва для	1
пребыванием в	1
к празднику	1
происхождение этого	1
для посвятительных	1
равных встречается	1
каких духах	1
твое место	1
все находящиеся	1
нормой с	1
в этнографической	1
величество не	1
мертвец приобретает	1
в сибирских	1
примечаниях дает	1
может считает	1
рассмотрении показывает	1
еще одно	1
сильной руки	1
для толкования	1
на которой	1
земледелия такие	1
три года	1
два прута	1
чистом виде	1
показывает его	1
ихняя не	1
эти материалы	1
невозможно речь	1
заснула вовнутрь	1
когда он	1
опасность в	1
всех своих	1
повелительница своего	1
североамериканском мифе	1
штернберг и	1
во-первых в	1
и посылает	1
помосте сидят	1
героя на	1
или диссимуляционных	1
или менее	1
земного представителя	1
брачную жизнь	1
отмечая аналогичные	1
вашу силу	1
задушить своего	1
время этих	1
дает довольно	1
ночи станет	1
сперва с	1
не вызывают	1
такое же	1
ней подошел	1
хитрая наука	1
далеко еще	1
служа этиологической	1
лесное происхождение	1
должны видеть	1
но почему-то	1
сила жениха	1
таким образом	1
обряд во	1
этом же	1
находятся в	1
истязает царевну	1
где общество	1
вот камень	1
которому лишение	1
комнаты а	1
показать что	1
имеют одинаковый	1
reitzenstein по	1
неизвестно почему	1
первоначально совершал	1
очень ясно	1
не привлекает	1
говорит более	1
в наложении	1
ним мудрить	1
вещь данную	1
убивают так	1
сторону там	1
говорится он	1
глубокие корни	1
и выдаст	1
ее силу	1
первого сочетания	1
его помощником	1
другие болезни	1
подушку и	1
силу женщины	1
речь может	1
материалах боаса	1
целях а	1
обряд и	1
вопрос дадут	1
может узнать	1
чистят рыбу	1
ту сторону	1
литературе объяснений	1
вроде женского	1
дней только	1
чего производится	1
цели его	1
один а	1
и непонятной	1
царство свое	1
имеют целью	1
посвятительных празднеств	1
это представление	1
приведем несколько	1
особой организации	1
где герой	1
д тем	1
виде это	1
еще одиннадцать	1
не только	1
и замуж	1
доказать таким	1
пытался показать	1
спустя некоторое	1
штернберг отмечая	1
обряде нет	1
по его	1
мысль высказывает	1
сходства голос	1
оказывается он	1
видеть в	1
я на	1
и властвуют	1
женихи одной	1
берег спустился	1
отдать сад	1
что опасность	1
имеем бессилие	1
с некоторым	1
имеем знаменательное	1
ты с	1
общество создается	1
ни один	1
может идти	1
чем бы	1
среди равных	1
или полового	1
надо считать	1
представляет собой	1
так бросил	1
быть жив	1
эта опасность	1
к некоторой	1
ваше место	1
вяжется с	1
бог с	1
взял понес	1
путем брака	1
формула для	1
больше нечего	1
другого рода	1
более или	1
этой опасности	1
это довольно	1
ночь таинственным	1
а сказочный	1
именно путем	1
там на	1
общение имело	1
все сводится	1
доходит до	1
его помощник	1
обряд а	1
помощник а	1
неправильный и	1
не сам	1
в позднейшей	1
пятно за	1
вот на	1
при этом	1
дает нам	1
определенные маски	1
формулировано как	1
помощником стремится	1
все одинаковы	1
где все	1
хочет тому	1
руку наложила	1
в том-то	1
беспрепятственно женщина	1
царевну потом	1
умирают вот	1
теперь ничего	1
и богораза	1
сексуального характера	1
можно гадать	1
которое очень	1
рода".<неи эта	1
с пребыванием	1
этого если	1
или во	1
и становится	1
брак сказка	1
афродита сама	1
лишение девственности	1
очень глубокие	1
кагаровым есть	1
поскорей из	1
клич прокликал	1
данную ей	1
обвенчают на	1
вводится в	1
испытывается сексуальная	1
предками рода".<неи	1
совершал эти	1
интересный и	1
том почему	1
начинает жить	1
отправляется за	1
не спрашивает	1
не говорится	1
ск неи	1
и земледелия	1
все та	1
над царевной	1
шевелится то	1
совершенно очевидно	1
жить в	1
мотива толкование	1
внезапной и	1
вызывают мифа	1
швы их	1
именно он	1
ребенка убивают	1
сидят шесть	1
на твое	1
никто себя	1
в женщину	1
а что	1
античных культах	1
сзади и	1
случаях н	1
kroeber это	1
во франции	1
что некогда	1
своего индивидуального	1
эти случаи	1
мы встречаем	1
может быть	1
он приобретает	1
цель эта	1
нам материалы	1
не исчерпываются	1
наложила королевна	1
посылает кузьму	1
штернбергом интересен	1
подошел поднялся	1
уловка для	1
в примечаниях	1
дочери родимо	1
героя иногда	1
количество произвольных	1
ни материалов	1
ясно не	1
жениха наложила	1
удается катоме	1
вторым их	1
и оживши	1
неи такова	1
узнать ее	1
что их	1
рыбу женщины	1
не для	1
он ведет	1
нары забрались	1
камень взял	1
объяснения кроме	1
показывает связь	1
о катоме	1
королевна на	1
на ту	1
древнейшем мифе	1
на берег	1
представления о	1
лег пошептался	1
свадьбы должен	1
опасность этой	1
а третий	1
мифа а	1
похожи друг	1
железных а	1
заменяет героя	1
схватил ее	1
главе о	1
дружину они	1
всей европе	1
место уже	1
имеем в	1
тово и	1
стенке сам	1
восстанавливает себе	1
дадут нам	1
все поломал	1
как игра	1
зарегистрирована вплоть	1
т д	1
шаманизму объяснение	1
что к	1
имеющихся в	1
строю особой	1
догадывается в	1
встал вышел	1
пережившего почву	1
она волшебной	1
не простое	1
задолго до	1
девушек все	1
силу помощника	1
же он	1
меня на	1
укусила зубы	1
свадебной обрядности	1
счет считая	1
и возвращается	1
склоняется к	1
опасность грозит	1
друга что	1
других местах	1
большого дома	1
пол иссек	1
дева полновластная	1
главную роль	1
ученики колдуна	1
но тем	1
semper fuit	1
ск мишка	1
герой не	1
состоит опасность	1
как собаку	1
опасность отчего	1
какие-то очень	1
зрения цели	1
бить тюленя	1
отдам зв	1
на левой	1
работу и	1
что искомый	1
некоторый ответ	1
дома ученики	1
другим увечным	1
за косу	1
одинаковы или	1
нас к	1
кагаров включает	1
ой и	1
пропп неи	1
молодая жива	1
сам герой	1
искомого среди	1
имели очень	1
до этого	1
dorseу kroeber	1
больше девушек	1
с ним	1
смерти.<неи но	1
ложе.<неи здесь	1
и изредка	1
по обнаженным	1
голос в	1
в свадебном	1
того и	1
материалы более	1
имело место	1
одна из	1
ночи не	1
создается почва	1
иногда ждет	1
коли хочешь	1
переночевал за	1
в североамериканском	1
по шаманизму	1
найти что	1
она укусила	1
он ноги	1
где сидят	1
мы здесь	1
заблудились они	1
наконец один	1
разнообразную картину	1
молчании и	1
зубы все	1
или невидимы	1
к сказке	1
некоторой женской	1
на брачном	1
прута железных	1
и зарегистрирована	1
считает швы	1
ее там	1
стариковой дочкой	1
и прокликал	1
нее забрался	1
другим мы	1
станет крепко-крепко	1
и более	1
мнению все	1
объяснение данное	1
воротил то	1
ведут всю	1
которой он	1
своего жениха	1
долганском мифе	1
не от	1
одинаковый облик	1
иногда все	1
в работе	1
места где	1
празднеств надо	1
мотива с	1
эвфемизм для	1
сочетания с	1
аф неи	1
и уносит	1
прокликал что	1
лаконично формулировано	1
из женихов	1
местах так	1
рейтценштейну превращение	1
пытать наложит	1
а именно	1
моей дочери	1
данное с	1
побывка в	1
не шевелится	1
свое место	1
отчего женихи	1
женихи царевны	1
средней наре	1
женихи в	1
испытание как	1
там он	1
объяснению которое	1
организации где	1
женщине лежавшей	1
очень лаконично	1
фольклор неи	1
женщинами которые	1
жив позволь	1
уже выше	1
в древнейшем	1
заступает его	1
имеет в	1
отношений.<неи сама	1
положат молодая	1
и истязает	1
дочкой последние	1
забрался полежав	1
сообщенный штернбергом	1
на короткую	1
посвящения то	1
нет даже	1
этого объяснения	1
комплексом большого	1
должен эту	1
до xix	1
женщин и	1
серию экзапатетических	1
церемоний посвящения	1
женщину совершается	1
реальных брачных	1
и могущественный	1
случай из	1
пусти меня	1
богов своего	1
всех мужчин	1
с точки	1
сказки хитрая	1
царевича просить	1
устраивают богатый	1
взамуж см	1
и важный	1
вот в	1
переосмысления он	1
увечным там	1
побывку доказать	1
или коли	1
лицо играющее	1
здесь особому	1
гадать сколько	1
такова вкратце	1
первичен и	1
придерживаются еще	1
мы опять	1
вар об	1
вепря убивала	1
вооруженный и	1
у царевича	1
своего аттиса	1
друг на	1
но он	1
здесь однако	1
уснули спустя	1
данном случае	1
года прозорливец	1
она вашу	1
отражение представления	1
всех одинаково	1
в чистом	1
указать что	1
европе особенно	1
нем отголоски	1
малоазиатская мать	1
это ей	1
поднялся на	1
однако это	1
это прослеживается	1
создает кроме	1
своего царства.<неи	1
мужа с	1
женихов дочь	1
и начала	1
ни фольклорных	1
особого характера	1
могущество женщины	1
героя ск	1
материал позволяет	1
встал спустился	1
последние слова	1
окончиться но	1
гипотетически объяснить	1
обрядов ритуальных	1
в долганском	1
царевны в	1
мотив очень	1
что выдавал	1
умирая человек	1
на друга	1
ночи совершенно	1
таинственном берегу	1
одной очень	1
бессилие жениха	1
чисто сексуального	1
простое испытание	1
и недостаточно	1
трех сортов	1
кроется опасность	1
помощник в	1
помощник берет	1
берет трех	1
имеется в	1
со вторым	1
кагарова придерживаются	1
где живет	1
женщина здесь	1
распространенный мотив	1
женщина имеет	1
укладывать кости	1
этой девушки	1
такие богини	1
мужчин завлекая	1
как малоазиатская	1
девушки одна	1
наложит свою	1
речь? дело	1
юрту и	1
в сардинии	1
никогда не	1
оплодотворения женщины	1
позволяет хотя	1
скрежет раздался	1
он исхлестал	1
он наконец	1
так же	1
братству где	1
ей удается	1
узнать приметы	1
показывают в	1
скажем несколько	1
ли умерла	1
на нары	1
высказывает рейтценштейн	1
кагаров приведем	1
колдуна мыслятся	1
которая же	1
вовсе не	1
в том	1
встречается не	1
а данная	1
опасность сочетания	1
позднейшей религии	1
вышел на	1
данных но	1
к ней	1
здесь идет	1
сомнения говорит	1
представление имеется	1
вот к	1
забрался вот	1
смерти жениха	1
женщины соответствует	1
жрецов без	1
поломал ничего	1
только о	1
на постель	1
одинаково ровный	1
только легли	1
в малоазиатских	1
мудрить больше	1
сказать что	1
она встречается	1
это сходство	1
только девушка	1
за что	1
умирает дочь	1
удушении или	1
свое отдать	1
голос волос	1
изучение помощника	1
не выражено	1
опасность мифологического	1
брачная ночь	1
ясностью что	1
объяснение мы	1
сам сжимает	1
многих подобных	1
стала у	1
уйди-ка бог	1
взгребла подушку	1
сказка при	1
он укладывать	1
превращение девушки	1
ноги свои	1
обряды оно	1
картина первой	1
неи в	1
не плошайте	1
силой наложила	1
на нару	1
месте я	1
якобы только	1
она чисто	1
нечего и	1
совершенно одинаковые	1
помощника показывает	1
их невозможно	1
помощник заменяет	1
ее так	1
много но	1
то с	1
зубы в	1
родимо пятно	1
лицом и	1
день свадьбы	1
что иштарь	1
за тово	1
водовоз схватил	1
существу однако	1
гостей к	1
происхождение с	1
рождается ребенок	1
станет она	1
фольклорных материалов	1
обряда пережившего	1
айну поехали	1
на ваше	1
кликал клич	1
сочетания могущественная	1
держится представление	1
об этой	1
тяжелой руки	1
мёртвый и	1
девять дней	1
достаточной ясностью	1
происходит со	1
и может	1
ночь сперва	1
жених являясь	1
же далеко	1
спустился круглый	1
место жениха	1
свойства наоборот	1
царевича да	1
этой стороны	1
а я	1
с комплексом	1
определенное лицо	1
вот как	1
в день	1
чем кроется	1
и чистят	1
жива а	1
с женщиной	1
наложила и	1
душа умершей	1
выдаст взамуж	1
широко распространенного	1
и стал	1
мать богов	1
боаса и	1
таинственным образом	1
ведет жизнь	1
шесть человек	1
ней полежу	1
шесть женщин	1
лечь с	1
приведено пять	1
затем скрежет	1
здернул с	1
его магически	1
с этим	1
имеем дело	1
себе в	1
древние мыслительные	1
несколько случаев	1
герой также	1
поступила с	1
женщины становятся	1
отличить постоянная	1
другую потом	1
передний план	1
и этого	1
женщина-властительница превращается	1
потом уже	1
обряд в	1
дочь которая	1
кузьму ферапонтовича	1
для объяснения	1
женщины в	1
представителя лесного	1
богатый пир	1
а как	1
девушки превращаются	1
наконец он	1
троих женихов	1
царевна к	1
ли заснула	1
умирают наконец	1
кагаров в	1
сев это	1
имеет своего	1
богиню со	1
место лучше	1
жениха или	1
побеждает царевну	1
на кровать	1
царстве уже	1
наложила на	1
катоме отрубают	1
как и	1
душить аф	1
лесного духа	1
из авторов	1
что эта	1
себе ноги	1
неи эти	1
почву на	1
сортов прутья	1
девушка ихняя	1
и т	1
отголоски колдуна	1
образно отразилось	1
брачном ложе.<неи	1
как должен	1
будет ск	1
этими плетьми	1
игра и	1
ряд как	1
образе вепря	1
ниже но	1
его лесное	1
однако такое	1
о путях	1
принес на	1
в американских	1
девушки в	1
видим уже	1
очень интересный	1
узнать не	1
на этот	1
наре к	1
мифе здесь	1
до места	1
считая измучился	1
в берри	1
невидимы так	1
мужчин есть	1
предполагают что	1
полового общения	1
убивала всех	1
показывают с	1
девственности производит	1
женщины миф	1
для чего	1
из комнаты	1
все они	1
попали айну	1
ряд жених	1
наука с	1
возлюбленного или	1
обрядности кагаров	1
характера женщина	1
на ложу	1
или умерщвляла	1
идет речь?	1
о могуществе	1
а уйди-ка	1
важный случай	1
же писал	1
к средней	1
ритуальных фикций	1
отрубают ноги	1
которые и	1
духа reitzenstein	1
с невестой	1
они все	1
inno cens	1
о свадебной	1
облика все	1
случаях где	1
очень мало	1
лучше с	1
ваше величество	1
колдуна который	1
всю работу	1
хозяин встал	1
сколько угодно	1
третий медный	1
драть ее	1
прутья и	1
берри во	1
ночь неивступлением	1
узнать невесту	1
в комнату	1
слова очень	1
смотрите ваше	1
возник вот	1
довольно распространенный	1
по отношению	1
упоминает вещь	1
манероса hahn	1
лежишь ты	1
высказывается и	1
прозорливец отправляется	1
же записано	1
этнографической литературе	1
однако ни	1
да смотрите	1
постель теперь	1
этих обрядов	1
доме он	1
уже богиня	1
превращаются в	1
состоянии смерти	1
поставлен вопрос	1
его никто	1
обычно после	1
духах здесь	1
франции в	1
понес в	1
полежав встал	1
приезжают на	1
практике она	1
где у	1
худ неи	1
женщины зазывают	1
считается человеком	1
их хозяин	1
же как	1
в целях	1
приду эти	1
ее замуж	1
и в	1
рук не	1
чем собственно	1
в молчании	1
сама в	1
приводимое кагаровым	1
ли рук	1
очевидно что	1
этом скажем	1
работе замтера	1
оно даже	1
иван-царевич вались	1
важны оживая	1
косу здернул	1
картину имеем	1
них встал	1
древних стадий	1
в материалах	1
о большом	1
посвящения девушек	1
толкование же	1
выбрать суженую	1
он возник	1
красивой женщины	1
и заблудились	1
постельку ее	1
он узнает	1
умер то	1
кроме того	1
же происходит	1
становится неузнаваемым	1
в образе	1
путем кастрации	1
а молодой-от'	1
напряженном спокойствии	1
после укрощения	1
очень красивой	1
жених а	1
этом главную	1
крепко-крепко давить	1
человек теряет	1
являясь к	1
мешок стал	1
каноном по	1
демоническую силу	1
болезни однако	1
ночь это	1
равны.<неи здесь	1
позволь мне	1
брака или	1
здесь испытывается	1
гиляцкого фольклора	1
рождение брак	1
забрался ой	1
могущественный помощник	1
считать основной	1
них старикова	1
большой толпы	1
легли уснули	1
много материала	1
приметы царевны	1
совершается именно	1
тому что	1
есть опасность	1
для испытания	1
того такое	1
отгадает где	1
основной чертой	1
зазывают гостей	1
писал кагаров	1
объяснение этому	1
нару забрался	1
о том	1
болезни не	1
в причинах	1
см в	1
только' в	1
у кагарова	1
а потом	1
одеждой девушки	1
берегу куда	1
вообще невозможно	1
царь-девица воинственная	1
возвращается домой	1
основе каких-то	1
мы как	1
лесу есть	1
как в	1
умирают ответ	1
воинственная дева	1
сказочной нормой	1
ну иван-царевич	1
что побывка	1
все настолько	1
ясно показывают	1
кровати и	1
взять все	1
к лесному	1
кроме кагарова	1
помощник и	1
не путем	1
на постельке	1
ночи? сказка	1
смерти и	1
можно еще	1
материалах можно	1
еще указать	1
общую картину	1
и по	1
обходит их	1
амазонок в	1
некоторым каноном	1
авторов не	1
девушки как	1
почему помощник	1
ритуальная дефлорация	1
дефлорации женщины	1
богораза в	1
тобой я	1
убила своего	1
конце примыкающем	1
по всей	1
связь и	1
не ясно	1
записано во	1
что мы	1
этого широко	1
ее он	1
будет сказать	1
за шиворот	1
сжимает ей	1
можно больше	1
для выражения	1
обручения вводится	1
многих других	1
позволяет установить	1
вовнутрь этой	1
власть над	1
стала стариковой	1
его создает	1
в своей	1
пошептались вот	1
и выражено	1
бы ни	1
обычая сам	1
мыслятся в	1
менее ясно	1
он схватывает	1
и дело	1
фольклора приводит	1
в замужество	1
свадебном обряде	1
себя не	1
который первоначально	1
помощник лежишь	1
побежденная помощником	1
его путем	1
стремится разъединить	1
отражены какие-то	1
собой эвфемизм	1
приводит нас	1
старикова дочь	1
века по	1
этим он	1
и другую	1
же еще	1
религии женщина-властительница	1
он взял	1
корни и	1
распространенного обычая	1
дело с	1
ее забрался	1
некогда имели	1
всего мы	1
связь сказки	1
и он	1
посвящения reifezeremonien	1
теория хотя	1
прослеживается в	1
cens semper	1
не оставил	1
со смешанными	1
угодно о	1
чаще всего	1
указание что	1
производится этот	1
сдержать аф	1
уже задолго	1
точки зрения	1
артемида поступила	1
возлюбленных так	1
образом умирают	1
ее о	1
vagina inno	1
вон и	1
дочерью переночевал	1
бы гипотетически	1
вступления в	1
теряет свои	1
здесь убийство	1
неивступлением в	1
малоазиатских и	1
данными все	1
сексуальная сила	1
всегда один	1
свойства она	1
момент ввести	1
аттиса мы	1
ночь умирают	1
все женщины	1
есть условие	1
состояла опасность	1
рейтценштейн он	1
именно во	1
же позволяет	1
древен он	1
силы царевна	1
болезней бывает	1
быть уничтожают	1
стремится задушить	1
имеющуюся в	1
традиции как	1
вопрос почему	1
пять различных	1
жених обходит	1
смерть об	1
за троих	1
помощником это	1
и допускающий	1
опасности знает	1
показывают как	1
уже сам	1
и напряженном	1
волшебной силой	1
такое положение	1
ясно задача	1
женского государства	1
женщины магическое	1
в женщин	1
о пол	1
путь неправильный	1
в мешок	1
неи иногда	1
герой связанные	1
на таинственном	1
ней можно	1
брак и	1
материала собрано	1
с женой	1
широкое распространение	1
материалы показывают	1
из большой	1
здесь все	1
решений.<неи брачная	1
мотиву по	1
приводит штернберг	1
как изида	1
условной смерти.<неи	1
конце свадьбы	1
уже дает	1
разъединить мужа	1
сам автор	1
однако дело	1
правда этого	1
как уловка	1
и другим	1
кровать выходит	1
лучше пусти	1
этиологической легендой	1
ввести камень	1
он начинает	1
женихов догадывается	1
но есть	1
невозможно отличить	1
согласен ее	1
случаев в	1
даже переосмысления	1
руки об	1
свои воротил	1
этнографическими данными	1
можно найти	1
ребенок до	1
дело что	1
он восстанавливает	1
причинах не	1
с актеоном	1
обезврежена штернберг	1
аф а	1
оказывается три	1
царства.<неи в	1
это такое	1
объяснить имеющуюся	1
характера пропп	1
мы видели	1
есть объяснение	1
которые в	1
материалов по	1
потом взгребла	1
не имеет	1
и умер	1
бывает много	1
мифе афродита	1
могла бы	1
богатырь-девка царь-девица	1
с этой	1
несколько ниже	1
их сзади	1
для нас	1
ферапонтовича героя	1
одинаковые лицом	1
из гиляцкого	1
первые три	1
все хочет	1
в этом	1
мыслительные явления	1
лежавшей на	1
превосходящую ее	1
своей работе	1
начала его	1
руки а	1
бы с	1
идти только	1
ни состояла	1
события первой	1
исчерпываются события	1
плетьми драть	1
опасности дефлорации	1
уничтожают всех	1
как артемида	1
испытание испытание	1
аф царевна	1
для мужчин	1
находящиеся там	1
в брачную	1
некоторой сказочной	1
так в	1
признаки и	1
различных имеющихся	1
человеком т	1
юрту принес	1
в литературе	1
вот пошептались	1
даже и	1
и другого	1
уносит он	1
жизнь уже	1
некоторое время	1
работе о	1
собаку ну	1
облик в	1
в голос	1
опасность и	1
королевна когда	1
помощника именно	1
он за	1
аф вар	1
только в	1
с ево	1
ребенок не	1
выражения этого	1
не рожден	1
менее такое	1
е ответить	1
место приду	1
важное испытание	1
долго держится	1
идет беспрепятственно	1
старика проходят	1
проходят три	1
американских и	1
материалов ни	1
установить происхождение	1
сидят в	1
культах но	1
на постельку	1
сходство приводит	1
не вяжется	1
задачи царь	1
чужеземцев на	1
кастрацию служа	1
наложение рук	1
царевну изучение	1
нем земного	1
замуж взять	1
убивают своих	1
литературе об	1
предупреждает царевича	1
матерью ее	1
большом доме	1
опасности первого	1
вались на	1
наре на	1
сказка дает	1
поехали бить	1
положение возможно	1
руку худ	1
однако все	1
ее лег	1
обычно испытание	1
данный миф	1
сибирских материалах	1
же обряда	1
ней он	1
ней все	1
живут только	1
что цель	1
случаев очень	1
сказка уже	1
городе царь	1
дальше все	1
рода к	1
внезапной смертью	1
целью оплодотворения	1
празднествах на	1
нам по	1
умерщвляла его	1
пошептался затем	1
fuit dorseу	1
всадил она	1
женщина обезврежена	1
испытание силы	1
при более	1
образом сама	1
нужный момент	1
сказка могла	1
первое сочетание	1
время как	1
к себе	1
в тех	1
забрались легли	1
убийство иногда	1
он показывает	1
рационалистическое объяснение	1
актеоном как	1
здесь можно	1
авторов кагаров	1
опять видим	1
не считается	1
этих случаях	1
сл здесь	1
ей матерью	1
по главе	1
зв представляет	1
нам картину	1
с кровати	1
прокликал царь	1
обряда в	1
дочь в	1
и широкое	1
изредка оно	1
данные позволяющие	1
полновластная повелительница	1
здесь имеем	1
суженую из	1
мало данных	1
спрашивает этим	1
этого сходства	1
герой должен	1
возлюбленного манероса	1
более древен	1
короткую брачную	1
том-то и	1
промежности зубы	1
и все	1
обнаженным ногам	1
камень exillo	1
этим представления	1
должен узнать	1
ударил ее	1
достаточно ясна.<неи	1
левой наре	1
сказке правда	1
неи у	1
другом месте	1
ясно во	1
то время	1
человек айну	1
дефлорация производилась	1
одно важное	1
время один	1
привлекает ни	1
плошайте первые	1
связанные с	1
штернберг штернберг	1
имеет дружину	1
за того	1
как общую	1
пир на	1
экзапатетических или	1
ожила и	1
мотиве образно	1
до посвящения	1
должен выбрать	1
мифологического свойства	1
знаменательное указание	1
выдавал он	1
оживши стала	1
ложится помощник	1
exillo tempore	1
этого прямо	1
ефтом городе	1
и превосходящую	1
играющее при	1
в серию	1
богини охоты	1
особый обряд	1
магическое могущество	1
выход всегда	1
умершей но	1
у моей	1
картину чаще	1
женой а	1
которой стремится	1
менее картина	1
схватывает и	1
к стенке	1
производит не	1
как особый	1
брак смерть	1
думает королевна	1
как общение	1
богини убивают	1
и предупреждает	1
айну живут	1
ее к	1
не в	1
взял ее	1
эта теория	1
стал он	1
о ней	1
включает этот	1
этим создается	1
охоты и	1
сказке первичен	1
их одежды	1
объяснение не	1
должны отвергнуть	1
непременной в	1
могуществе женщины	1
задачи по	1
также богатырь-девка	1
мне лечь	1
состоянии условной	1
кастрации жрецов	1
становятся в	1
он поверх	1
завлекая чужеземцев	1
домой этим	1
он просыпается	1
жизнь нечто	1
легли опочивать	1
фикций однако	1
картину что	1
путях его	1
потом он	1
сказочный материал	1
ясна.<неи этим	1
что и	1
духов кагаров	1
женщиной опасно	1
просыпается оказывается	1
узнает искомую	1
большинстве случаев	1
стороны для	1
которые имеют	1
производилась как	1
и другие	1
к объяснению	1
эта никогда	1
обмана духов	1
то что	1
шиворот ударил	1
него и	1
в конце	1
измучился он	1
план выступает	1
е предполагают	1
носило определенные	1
чертами богини	1
одежды у	1
науке путь	1
оно носило	1
общения а	1
интересен и	1
он производится	1
засыпает и	1
ну думает	1
позволяющие предполагать	1
с некоторой	1
картина достаточно	1
она отражение	1
не один	1
кастрации как	1
этим не	1
в богиню	1
ей руку	1
как долго	1
особому строю	1
создался вообще	1
живет душа	1
samter неи	1
особенно много	1
свадебный обряд	1
по рейтценштейну	1
иштарь убивала	1
убивала своего	1
его переосмысления	1
за ней	1
стал этими	1
камень всадил	1
богиня но	1
и сл	1
только отбрасывает	1
общая картина	1
здесь отражены	1
есть оказывается	1
роль мы	1
на конце	1
она упоминает	1
настолько похожи	1
один место	1
молодой-от' мёртвый	1
если рождается	1
нас особенно	1
куда попали	1
женщины умирают	1
первую же	1
выходит вон	1
укрощения помощник	1
ровный счет	1
неи данный	1
сказка о	1
говорит ган	1
ответить на	1
спал девять	1
выступает определенное	1
сказке ситуацию	1
и задача	1
на нее	1
легендой для	1
о каких	1
очень древние	1
царевна стремится	1
умерла то	1
объяснение приводимое	1
замуж отдам	1
дает рационалистическое	1
ево дочерью	1
диссимуляционных обрядов	1
в науке	1
нам некоторый	1
лег вот	1
производится неизвестно	1
в кастрацию	1
миф по	1
комнату где	1
есть некоторые	1
бесконечное количество	1
вам ни	1
он якобы	1
в нужный	1
шаманской практике	1
соответствует здесь	1
оживая мертвец	1
явления на	1
маски которые	1
но героя	1
каких-то реальных	1
круглый камень	1
возлюбленных в	1
итак первое	1
тех случаях	1
спокойствии то	1
сказке царевна	1
свою руку	1
некоторые данные	1
на передний	1
не высказывается	1
и ожила	1
я пытался	1
медный бросил	1
для обмана	1
чертой то	1
этому мотиву	1
с непременной	1
но опасность	1
подкрепленная этнографическими	1
и признаки	1
здесь умирает	1
властвуют и	1
а его	1
и античных	1
создается женщинами	1
более детальном	1
а имеет	1
с его	1
очень важны	1
нем нечто	1
на помосте	1
ясно во-первых	1
не будет	1
объяснений этого	1
от сильной	1
что девушки	1
неузнаваемым долганский	1
подобных празднествах	1
мужчины правильнее	1
reifezeremonien которые	1
вопрос а	1
женщин не	1
катоме аф	1
еще как	1
болезнь его	1
в то	1
царевной ну	1
без сомнения	1
недостаточно подкрепленная	1
хотя бы	1
с королевной	1
наложение тяжелой	1
то ребенка	1
почему-то другие	1
на основе	1
рук или	1
непонятной смерти	1
он побеждает	1
как такой	1
о цели	1
правильнее будет	1
данная болезнь	1
сводится к	1
в ефтом	1
наложении ли	1
брачную ночь	1
вогезах жених	1
испытания особого	1
могущественная женщина	1
встречаем наложение	1
в шаманской	1
тюленя и	1
та же.<неи	1
только женщины	1
в этих	1
интересна сказка	1
встал к	1
змей аф	1
изида убила	1
tempore vagina	1
к которой	1
ни за	1
условие вступления	1
поверх ее	1
приобретает власть	1
эти обряды	1
собственно состоит	1
hahn неи	1
здесь уже	1
кто согласен	1
магически вооруженный	1
замтера рождение	1
и во	1
он узнать	1
толкования обряда	1
у всех	1
свадьбы все	1
наоборот умирая	1
и герой	1
царстве не	1
искомую по	1
раздался он	1
давить вам	1
постоянная формула	1
хто отгадает	1
долганский фольклор	1
празднику обручения	1
кто бы	1
отбрасывает ее	1
он спал	1
возможно такую	1
такой ребенок	1
кагаров этого	1
мишка водовоз	1
с тобой	1
вкратце общая	1
должен быть	1
как свадебный	1
по существу	1
все в	1
невесту samter	1
вроде амазонок	1
там имеют	1
иссек два	1
видели связь	1
в другом	1
брачных отношений.<неи	1
и одеждой	1
допускающий бесконечное	1
отношению к	1
и стала	1
же ночь	1
по традиции	1
все идет	1
вопрос о	1
хочешь быть	1
грозит вовсе	1
некогда ритуальная	1
почему в	1
как можно	1
знает помощник	1
неи наложение	1
в вогезах	1
лесу с	1
смешанными чертами	1
особенно интересна	1
я лучше	1
почему по	1
время посвящения	1
случае в	1
место вар	1
путем церемоний	1
ган в	1
этом очень	1
он создался	1
в удушении	1
узнать искомого	1
более древних	1
этот вопрос	1
королевной на	1
рожден предками	1
такую мысль	1
довольно разнообразную	1
хотя и	1
объяснения кастрации	1
представления по-видимому	1
данном мотиве	1
этой ночи?	1
стремится герой	1
государства на	1
его мнению	1
ложу положат	1
отразилось представление	1
предполагать что	1
мифе все	1
ситуацию т	1
замужество обвенчают	1
